-6.179250730175549e-16
0.01839499024028752
0.03671339160274411
0.054879046649578093
0.07281665802280624
0.09045221150284799
0.10771339074367497
0.12452998099982078
0.140834259236698
0.1565613681098162
0.17164967140998266
0.1860410886995974
0.19968140700881465
0.21252056761860771
0.22451292612952106
0.23561748419888648
0.24579809152422707
0.25502361685506547
0.2632680870279551
0.2705107932387422
0.2767363639902882
0.28193480438154317
0.2861015016333606
0.28923719697612715
0.29134792425255707
0.2924449158142313
0.29254447651106935
0.2916678267873505
0.2898409161046427
0.2870942081096003
0.28346243915168334
0.27898435193110765
0.2737024062195628
0.2676624687442923
0.2609134844590099
0.2535071315419196
0.2454974625610175
0.23694053432922887
0.22789402903621594
0.21841686928949236
0.2085688297245065
0.19841014785148928
0.18800113679608077
0.17740180256121188
0.16667146838966837
0.1558684087406341
0.14504949530980707
0.13426985742208744
0.12358255900911197
0.1130382942519672
0.10268510382324
0.0925681135032812
0.08272929677434174
0.07320726281439577
0.06403707112131844
0.055250073799081506
0.0468737863322179
0.03893178746451991
0.03144364858430176
0.0244248928031631
0.017886983699587095
0.011837343484493631
0.006279400134571782
0.0012126628324000345
-0.00336717514850717
-0.0074681071690410085
-0.011101658800210416
-0.01428270966375099
-0.017029293115355837
-0.01936237549892827
-0.02130561683737694
-0.022885114948052464
-0.024129135078141954
-0.02506782724644773
-0.025732933552371624
-0.026157487770129346
-0.026375509585866114
-0.026421695857214433
-0.026331111278838693
-0.026138880823680776
-0.025879886298139178
-0.025588469300575557
-0.025298142806786248
-0.025041313523953113
-0.024849017056775766
-0.024750667816782253
-0.024773825479109276
-0.02494397965134981
-0.025284354267470763
-0.02581573305750271
-0.026556307271943736
-0.027521546659942487
-0.02872409451370303
-0.03017368739963344
-0.03187710000099341
-0.03383811529869651
-0.036057520117979074
-0.03853312587038999
-0.04125981412446841
-0.04422960644605958
-0.04743175776190881
-0.05085287231939497
-0.054477041142362896
-0.0582859997192954
-0.0622593045067463
-0.06637452668918606
-0.07060746150723603
-0.07493235135065401
-0.07932212071122088
-0.0837486210046228
-0.08818288320013347
-0.09259537614289934
-0.09695626841628203
-0.1012356915712815
-0.105404002546668
-0.10943204311709165
-0.1132913942369742
-0.1169546231951643
-0.1203955215587578
-0.1235893319636421
-0.12651296190358471
-0.12914518277830536
-0.1314668125830931
-0.1334608807572011
-0.13511277385441486
-0.13641036085571243
-0.13734409710959655
-0.13790710605919373
-0.13809523809523772
-0.13790710605919382
-0.1373440971095967
-0.13641036085571265
-0.13511277385441509
-0.13346088075720136
-0.13146681258309342
-0.12914518277830567
-0.12651296190358516
-0.12358933196364258
-0.12039552155875831
-0.11695462319516482
-0.11329139423697476
-0.10943204311709227
-0.10540400254666861
-0.10123569157128214
-0.09695626841628274
-0.09259537614290005
-0.08818288320013423
-0.08374862100462356
-0.07932212071122169
-0.07493235135065478
-0.07060746150723685
-0.06637452668918684
-0.06225930450674707
-0.05828599971929618
-0.054477041142363694
-0.05085287231939574
-0.04743175776190955
-0.04422960644606032
-0.041259814124469156
-0.03853312587039067
-0.036057520117979774
-0.03383811529869718
-0.03187710000099408
-0.03017368739963407
-0.02872409451370363
-0.027521546659943063
-0.026556307271944305
-0.025815733057503235
-0.02528435426747129
-0.024943979651350298
-0.024773825479109758
-0.024750667816782642
-0.02484901705677618
-0.025041313523953508
-0.025298142806786612
-0.025588469300575862
-0.025879886298139535
-0.026138880823681127
-0.026331111278838967
-0.02642169585721472
-0.02637550958586638
-0.026157487770129637
-0.025732933552371887
-0.025067827246448002
-0.024129135078142235
-0.022885114948052673
-0.021305616837377216
-0.019362375498928473
-0.017029293115356073
-0.014282709663751293
-0.011101658800210645
-0.007468107169041263
-0.003367175148507448
0.001212662832399635
0.006279400134571427
0.011837343484493295
0.01788698369958675
0.024424892803162675
0.03144364858430136
0.03893178746451947
0.0468737863322175
0.055250073799081124
0.06403707112131803
0.07320726281439534
0.08272929677434125
0.09256811350328074
0.10268510382323953
0.11303829425196668
0.12358255900911151
0.13426985742208694
0.14504949530980657
0.15586840874063357
0.16667146838966787
0.1774018025612114
0.1880011367960803
0.1984101478514888
0.20856882972450608
0.21841686928949192
0.22789402903621556
0.23694053432922849
0.24549746256101715
0.25350713154191934
0.26091348445900964
0.267662468744292
0.27370240621956266
0.2789843519311076
0.2834624391516833
0.28709420810960024
0.2898409161046427
0.29166782678735065
0.2925444765110694
0.29244491581423143
0.2913479242525573
0.2892371969761274
0.2861015016333609
0.28193480438154345
0.27673636399028856
0.2705107932387427
0.26326808702795557
0.255023616855066
0.24579809152422782
0.23561748419888737
0.22451292612952195
0.21252056761860866
0.1996814070088156
0.18604108869959846
0.17164967140998372
0.15656136810981724
0.14083425923669912
0.12452998099982192
0.10771339074367611
0.09045221150284916
0.07281665802280746
0.05487904664957935
0.0367133916027453
0.018394990240288796
6.02511825853645e-16
-0.018394990240287533
-0.03671339160274412
-0.05487904664957812
-0.07281665802280626
-0.09045221150284802
-0.107713390743675
-0.12452998099982081
-0.14083425923669807
-0.15656136810981625
-0.17164967140998272
-0.18604108869959746
-0.1996814070088147
-0.21252056761860777
-0.22451292612952112
-0.23561748419888653
-0.24579809152422713
-0.25502361685506547
-0.2632680870279551
-0.2705107932387422
-0.2767363639902882
-0.28193480438154317
-0.2861015016333606
-0.28923719697612715
-0.29134792425255707
-0.2924449158142313
-0.29254447651106935
-0.2916678267873505
-0.2898409161046427
-0.2870942081096003
-0.28346243915168334
-0.27898435193110765
-0.2737024062195628
-0.2676624687442923
-0.2609134844590099
-0.2535071315419196
-0.24549746256101757
-0.23694053432922893
-0.227894029036216
-0.21841686928949242
-0.20856882972450655
-0.19841014785148933
-0.18800113679608083
-0.17740180256121194
-0.16667146838966843
-0.15586840874063415
-0.14504949530980712
-0.1342698574220875
-0.123582559009112
-0.11303829425196722
-0.10268510382324003
-0.09256811350328123
-0.08272929677434177
-0.0732072628143958
-0.06403707112131847
-0.05525007379908155
-0.04687378633221793
-0.03893178746451994
-0.031443648584301785
-0.024424892803163126
-0.017886983699587123
-0.011837343484493659
-0.006279400134571806
-0.001212662832400058
0.0033671751485071484
0.007468107169040989
0.011101658800210398
0.014282709663750975
0.017029293115355823
0.019362375498928264
0.021305616837376935
0.022885114948052458
0.024129135078141954
0.02506782724644773
0.02573293355237163
0.026157487770129353
0.02637550958586612
0.026421695857214447
0.026331111278838706
0.026138880823680797
0.0258798862981392
0.025588469300575584
0.025298142806786276
0.025041313523953147
0.0248490170567758
0.024750667816782295
0.024773825479109318
0.02494397965134985
0.02528435426747081
0.02581573305750276
0.02655630727194379
0.027521546659942542
0.028724094513703093
0.0301736873996335
0.03187710000099348
0.033838115298696576
0.03605752011797914
0.03853312587039006
0.041259814124468476
0.04422960644605965
0.04743175776190888
0.05085287231939505
0.05447704114236298
0.05828599971929548
0.06225930450674638
0.06637452668918614
0.07060746150723611
0.0749323513506541
0.07932212071122097
0.08374862100462288
0.08818288320013355
0.09259537614289942
0.09695626841628212
0.10123569157128158
0.10540400254666808
0.1094320431170917
0.11329139423697425
0.11695462319516435
0.12039552155875785
0.12358933196364215
0.12651296190358477
0.12914518277830542
0.13146681258309315
0.13346088075720117
0.13511277385441492
0.13641036085571248
0.1373440971095966
0.13790710605919373
0.13809523809523772
0.13790710605919382
0.1373440971095967
0.13641036085571265
0.13511277385441509
0.13346088075720136
0.13146681258309342
0.12914518277830567
0.12651296190358516
0.12358933196364255
0.12039552155875828
0.1169546231951648
0.11329139423697474
0.10943204311709222
0.10540400254666855
0.10123569157128208
0.09695626841628269
0.09259537614289999
0.08818288320013418
0.0837486210046235
0.0793221207112216
0.0749323513506547
0.07060746150723676
0.06637452668918675
0.062259304506746986
0.0582859997192961
0.05447704114236361
0.050852872319395656
0.04743175776190945
0.04422960644606022
0.04125981412446906
0.038533125870390574
0.03605752011797968
0.03383811529869708
0.03187710000099398
0.03017368739963398
0.02872409451370354
0.027521546659942973
0.026556307271944215
0.025815733057503145
0.025284354267471207
0.024943979651350215
0.024773825479109675
0.024750667816782566
0.024849017056776102
0.02504131352395344
0.025298142806786543
0.0255884693005758
0.025879886298139473
0.02613888082368107
0.026331111278838918
0.026421695857214673
0.02637550958586634
0.026157487770129603
0.025732933552371853
0.025067827246447974
0.024129135078142214
0.022885114948052652
0.021305616837377202
0.019362375498928466
0.017029293115356073
0.014282709663751296
0.011101658800210652
0.007468107169041275
0.0033671751485074646
-0.0012126628323996143
-0.006279400134571401
-0.011837343484493263
-0.017886983699586714
-0.02442489280316264
-0.03144364858430132
-0.038931787464519425
-0.04687378633221744
-0.05525007379908107
-0.06403707112131797
-0.07320726281439528
-0.0827292967743412
-0.09256811350328069
-0.10268510382323948
-0.11303829425196663
-0.12358255900911143
-0.13426985742208689
-0.14504949530980651
-0.1558684087406335
-0.16667146838966782
-0.17740180256121135
-0.18800113679608024
-0.19841014785148875
-0.20856882972450602
-0.21841686928949186
-0.2278940290362155
-0.23694053432922843
-0.2454974625610171
-0.25350713154191923
-0.2609134844590095
-0.2676624687442919
-0.27370240621956254
-0.2789843519311075
-0.2834624391516832
-0.2870942081096001
-0.2898409161046426
-0.29166782678735054
-0.2925444765110694
-0.29244491581423143
-0.2913479242525573
-0.2892371969761274
-0.2861015016333609
-0.28193480438154345
-0.27673636399028856
-0.2705107932387427
-0.26326808702795557
-0.255023616855066
-0.24579809152422782
-0.23561748419888737
-0.22451292612952195
-0.21252056761860866
-0.1996814070088156
-0.18604108869959846
-0.17164967140998372
-0.15656136810981724
-0.14083425923669912
-0.12452998099982192
-0.10771339074367611
-0.09045221150284916
-0.07281665802280746
-0.05487904664957936
-0.03671339160274532
-0.01839499024028881
