5.169789147447139e-29
65535.99999999924
4.16067262171639e-28
7281.777777777721
2.8528687509184657e-28
2621.439999999974
3.9678951232502595e-29
1337.4693877550935
3.127788957508204e-28
809.0864197530778
1.0557072656977958e-27
541.6198347107413
3.084642717970873e-27
387.78698224851627
1.662181317703491e-27
291.271111111111
4.671081396419389e-27
226.76816608996288
2.0465388788726803e-28
181.54016620498493
1.2089283266688727e-27
148.60770975056576
5.020556536790366e-28
123.88657844990469
1.989816058454475e-27
104.85759999999865
1.6387212741003276e-28
89.89849108367552
3.7383298440153056e-28
77.92627824018987
6.913547412933471e-28
68.19562955254916
4.078792036179283e-28
60.179981634526406
2.503963531990865e-28
53.498775510203764
7.833510664400102e-28
47.871439006573496
5.5118967990511695e-28
43.08744247205755
5.872317970109002e-28
38.986317668054554
2.007683095454681e-27
35.44402379664683
2.112039692367768e-27
32.36345679012326
9.862024878353722e-28
29.66772295156182
1.2608117485048088e-28
27.295293627654704
5.369594600472718e-27
25.196462898885347
3.265893856373101e-27
23.330722677109307
1.8010221326270118e-27
21.664793388429644
1.4670782852474147e-27
20.17112957833157
6.571254561598979e-28
18.826773915541455
1.3127832204525732e-28
17.612469766191833
3.6671313586599355e-29
16.511967750062915
1.7568055273594718e-28
15.51147928994061
7.976710809526692e-29
14.599242593005313
1.4801308204129282e-27
13.765175383322799
5.252589665342528e-28
13.000595120015884
1.2918311854434302e-27
12.297992118596277
5.5293086048015525e-28
11.650844444444598
8.281317362432106e-28
11.053466014505078
2.6194867053114415e-28
10.500881269027413
6.623439525997433e-28
9.988721231519467
1.4729100830938385e-27
9.513136884888889
6.412848329712424e-28
9.070726643598514
6.697857788758853e-28
8.65847536002113
8.567806769951484e-28
8.273702815301114
5.814685527632873e-28
7.914020045888232
4.144082350148629e-28
7.577292172505471
4.0202626644501555e-27
7.261606648199656
1.4933736993090625e-28
6.9652460410247174
1.8090616254248125e-27
6.686664626058725
8.085766146706276e-28
4.88051537149743e-29
1.7219615952619124e-29
1.9029194651745777e-28
7.9302312231272065e-28
5.039316800450875e-28
4.737372886430378e-28
1.9880588214282087e-28
3.4852605304912686e-28
1.9093181891054149e-28
3.8248776239315728e-28
1.3678404420545832e-27
1.0377016726540913e-27
1.1704165847481396e-27
2.0959072059382553e-28
1.0223662681947262e-27
7.609321478681422e-28
2.1124020714196408e-27
1.9943325917144216e-27
1.4427286516110936e-28
1.0449065052700101e-27
2.827812705374533e-28
1.0624249451333125e-27
2.8850975740107046e-28
1.1497396956302553e-27
4.184195118374747e-28
1.6011808163836998e-27
1.5398847092598233e-28
1.1347353177890306e-28
2.225495734739247e-29
5.131815755831362e-29
6.639582806657825e-28
2.3405390245440603e-28
9.017632614531304e-28
4.229759755952029e-29
1.5162459865824999e-27
2.257756193058762e-27
2.0429099809202504e-28
7.231064721945217e-28
1.062557296606546e-28
2.2216100859980463e-27
1.5809971040960014e-27
3.5813094500919998e-28
2.6165556076411333e-28
6.520087574024616e-28
7.967342707363079e-29
1.0027800933101398e-28
1.194789738906782e-27
2.356573978199249e-28
2.0360882601067614e-28
3.9430270963894136e-28
2.6994060527343896e-28
1.491987300345569e-29
2.9846846358537394e-28
4.913356526916858e-28
1.7026210152283394e-29
2.665875629574766e-28
9.532167702389315e-28
7.5856561166364785e-28
2.5148390105213698e-28
3.667565882555974e-28
3.6022979831889507e-28
1.3450977222303097e-27
6.162887878681418e-28
5.136659992204199e-28
6.113208025173143e-28
2.045535720555705e-28
6.19982038246129e-28
3.05247837270893e-28
1.100454304158313e-27
1.39462204385173e-28
5.027164869828891e-28
4.060851924365337e-28
4.333302113515811e-28
1.4025260084780897e-27
6.569202037408665e-29
1.329559119511698e-29
1.868137950877988e-28
1.2897655647603297e-28
4.5374402468642855e-28
1.118427021588204e-27
2.2008406325711642e-28
5.317639693662631e-28
4.027565957833025e-29
5.123847431758558e-28
9.658941304360467e-29
2.352691443299686e-28
1.0051984691929632e-28
1.4781452480454393e-27
1.4018769846407649e-28
5.475570962379814e-28
8.04188868583017e-29
1.1170506188888343e-27
6.524125780730509e-28
6.896326448638647e-28
1.5705945217730702e-28
5.529037533105321e-28
7.716620326799425e-28
1.4611397434957445e-28
2.3559699166918183e-28
1.2486730655975022e-27
1.3302935887958806e-28
3.8323576695369087e-29
2.3402119842519614e-29
1.6362363384677162e-28
1.7407688467286248e-28
1.6314622045350069e-28
3.0808867009138714e-28
2.4650259628918953e-28
4.79435640268202e-28
1.5745371342271243e-28
8.350053410830125e-28
9.72130025233487e-28
1.288563273079771e-28
7.0433844149251975e-28
4.411543518758841e-28
4.667981125613476e-28
1.5318765707847626e-28
4.552805256263752e-28
8.281836019425729e-29
1.187114953270593e-27
2.1245803763933023e-27
3.992078648985989e-28
1.0125086228480744e-27
3.4191296142454845e-28
1.109158758373603e-28
7.574952305737975e-28
6.531670641920859e-28
9.365170239439888e-28
2.6110591547000384e-28
4.658764805174334e-28
4.755091185422763e-29
1.2638579582728554e-27
2.213116783426988e-28
1.4531291282358928e-27
6.911843110788124e-28
1.5661863858612668e-27
8.547148056457992e-28
3.03431580203047e-28
2.9797188244180184e-29
7.2092683577880685e-28
6.581981472685238e-28
4.855133264109251e-28
3.3039904563438587e-28
1.9060634964669235e-28
8.784364231052525e-29
2.5068821503945023e-28
2.82359541557994e-28
3.682547178407211e-28
3.118496544947757e-28
1.4475328682022304e-27
5.1581730706807905e-28
9.256481930518814e-28
6.393377008291216e-29
2.2116182394127554e-29
1.0864910476259506e-27
8.539933727395075e-29
2.3197816679482887e-28
2.2116182394127653e-29
2.590626477509088e-28
9.256481930518807e-28
3.6162988567632787e-28
1.4475328682022297e-27
4.143741203704051e-28
3.6825471784072144e-28
3.3962837845077133e-28
2.506882150394508e-28
1.369095087874259e-28
1.9060634964669266e-28
4.583582793333703e-28
4.855133264109261e-28
1.1811784536130425e-27
7.209268357788063e-28
2.1169674331141675e-29
3.0343158020304623e-28
7.166960265495443e-28
1.5661863858612636e-27
5.640404125307167e-28
1.4531291282358922e-27
2.7770217671344835e-28
1.2638579582728543e-27
3.2501271283673644e-29
4.6587648051743375e-28
3.3675682514699467e-28
9.365170239439895e-28
1.0069972954921395e-27
7.574952305737986e-28
3.596134925176386e-28
3.419129614245486e-28
4.86723360570899e-28
3.9920786489859795e-28
1.915203067968767e-27
1.1871149532705918e-27
3.5300704727889717e-29
4.552805256263755e-28
2.4075765250241542e-28
4.6679811256134806e-28
3.0219357522501967e-28
7.043384414925207e-28
1.510218516394117e-28
9.72130025233488e-28
7.10770309081552e-28
1.5745371342271315e-28
3.5771332366389275e-28
2.465025962891896e-28
5.009717536113323e-28
1.6314622045350026e-28
1.1522303464212725e-28
1.6362363384677171e-28
1.1816978749660163e-29
3.832357669536916e-29
2.6660760717125897e-28
1.2486730655975012e-27
3.086446769489225e-28
1.4611397434957445e-28
9.902550432106316e-28
5.5290375331053305e-28
1.5488649960713926e-28
6.896326448638662e-28
8.63877170455186e-28
1.1170506188888341e-27
2.615630929652328e-29
5.475570962379805e-28
3.2891928079929887e-28
1.478145248045439e-27
1.514921785883123e-29
2.352691443299683e-28
1.9687417005095457e-28
5.123847431758559e-28
3.9218880717608304e-29
5.317639693662638e-28
4.264118763067591e-28
1.1184270215882055e-27
3.2138918131677747e-28
1.289765564760336e-28
4.355219108828444e-28
1.329559119511699e-29
2.214717281516285e-28
1.4025260084780854e-27
2.9150746245402016e-28
4.060851924365342e-28
4.688741555340802e-28
1.3946220438517277e-28
6.524669817111773e-28
3.052478372708929e-28
2.716449742986547e-28
2.0455357205557096e-28
5.533766670550461e-28
5.136659992204201e-28
8.369357527307648e-28
1.3450977222303127e-27
6.242522398253303e-28
3.667565882555973e-28
5.829680309816714e-28
7.585656116636467e-28
8.79124950710742e-28
2.6658756295747635e-28
4.6275159634518296e-29
4.913356526916862e-28
1.6110409302428033e-28
1.4919873003455711e-29
3.158896522403408e-28
3.943027096389416e-28
3.6542804933687008e-28
2.356573978199254e-28
1.0975654342929617e-27
1.0027800933101447e-28
3.8221571176054345e-28
6.520087574024617e-28
1.985399495158531e-28
3.581309450091979e-28
2.021926392774473e-27
2.2216100859980434e-27
2.7988044336078094e-29
7.231064721945213e-28
6.965470336909386e-28
2.257756193058761e-27
1.3724256909551998e-27
4.229759755952007e-29
7.341875933541546e-28
2.340539024544063e-28
6.004364856919733e-28
5.13181575583135e-29
9.105761902025833e-28
1.1347353177890306e-28
1.1578565633953449e-28
1.6011808163836982e-27
4.73959700095957e-28
1.1497396956302544e-27
2.0048001163183602e-29
1.0624249451333127e-27
5.586452040197062e-28
1.0449065052700107e-27
4.1489232525774663e-29
1.994332591714422e-27
1.3912950716214594e-27
7.60932147868143e-28
6.208678999342859e-28
2.095907205938261e-28
7.241058044321445e-28
1.037701672654091e-27
9.988587838815628e-28
3.824877623931549e-28
1.7308059920972374e-31
3.485260530491256e-28
2.2573744696501597e-28
4.73737288643038e-28
1.6751383435425057e-28
7.930231223127192e-28
1.3584474102075356e-28
1.7219615952619101e-29
3.3884974737470496e-29
8.085766146706276e-28
6.686664626058679
1.8090616254248164e-27
6.965246041024656
1.4933736993090623e-28
7.2616066481995585
4.020262664450148e-27
7.5772921725054445
4.144082350148628e-28
7.914020045888207
5.814685527632879e-28
8.273702815301098
8.567806769951484e-28
8.658475360021068
6.697857788758859e-28
9.07072664359853
6.412848329712444e-28
9.513136884888814
1.472910083093842e-27
9.98872123151948
6.6234395259974375e-28
10.500881269027312
2.6194867053114397e-28
11.053466014504982
8.28131736243209e-28
11.650844444444498
5.529308604801547e-28
12.297992118596284
1.2918311854434292e-27
13.000595120015825
5.252589665342535e-28
13.765175383322799
1.4801308204129292e-27
14.599242593005222
7.976710809526692e-29
15.511479289940537
1.7568055273594736e-28
16.511967750062826
3.667131358659946e-29
17.612469766191847
1.3127832204525685e-28
18.82677391554138
6.571254561598988e-28
20.171129578331623
1.4670782852474151e-27
21.66479338842956
1.801022132627012e-27
23.330722677109392
3.265893856373106e-27
25.196462898885294
5.369594600472729e-27
27.29529362765475
1.2608117485048066e-28
29.667722951561423
9.86202487835367e-28
32.363456790123244
2.1120396923677646e-27
35.44402379664667
2.007683095454678e-27
38.98631766805463
5.872317970108996e-28
43.08744247205736
5.511896799051173e-28
47.871439006573596
7.8335106644001e-28
53.4987755102036
2.5039635319908815e-28
60.17998163452657
4.078792036179282e-28
68.19562955254854
6.913547412933468e-28
77.92627824019
3.738329844015302e-28
89.89849108367515
1.6387212741003318e-28
104.85759999999884
1.9898160584544763e-27
123.88657844990405
5.0205565367903665e-28
148.60770975056636
1.2089283266688727e-27
181.5401662049847
2.046538878872671e-28
226.76816608996432
4.671081396419389e-27
291.27111111110855
1.6621813177034867e-27
387.78698224851644
3.084642717970869e-27
541.6198347107386
1.0557072656977945e-27
809.0864197530792
3.1277889575082056e-28
1337.4693877550883
3.9678951232502696e-29
2621.439999999985
2.852868750918468e-28
7281.777777777706
4.160672621716395e-28
65535.99999999961
