2.3511201070082053e-28
9.213760856079421e-28
16384.00000000005
2.024677996734807e-28
4096.0
1.9730560715570718e-29
1820.444444444452
2.0262690039219324e-29
1024.0000000000018
9.905145373093918e-28
655.360000000003
5.257648439002327e-28
455.1111111111123
3.1581181475130304e-28
334.3673469387766
4.506495791979265e-28
255.9999999999995
3.291435045239513e-28
202.271604938272
6.71971350205216e-28
163.8400000000002
4.803746457163761e-28
135.4049586776865
2.695393186057378e-27
113.77777777777825
2.3192527668081406e-27
96.94674556213067
5.779843772280934e-28
83.59183673469367
6.533627570328682e-28
72.81777777777808
6.375689473244671e-28
64.00000000000048
7.716554133465548e-28
56.69204152249143
6.302349881226072e-28
50.567901234567834
7.572430101872127e-28
45.38504155124694
6.528985226569709e-28
40.960000000000335
1.7793698972114756e-27
37.1519274376421
1.007495404653353e-27
33.851239669421574
1.2175285298470525e-27
30.971644612476606
1.5206492139637927e-27
28.444444444444642
1.1888613411807066e-27
26.21440000000013
1.5254291133129606e-27
24.236686390532583
5.775794445731963e-28
22.474622770918838
1.5196937718125571e-27
20.897959183673688
2.463865200642224e-27
19.481569560047514
1.8073084354976874e-27
18.20444444444446
1.428263044993208e-28
17.04890738813759
6.0096621847126955e-28
16.0000000000001
9.46183766617441e-28
15.044995408631767
8.314017463563326e-28
14.173010380622957
4.555927941121305e-28
13.374693877551234
9.550397289344428e-28
12.641975308642028
5.27784059855941e-28
11.967859751643404
5.120800801165085e-28
11.346260387811627
8.782610814020649e-29
10.771860618014552
1.3493622483222515e-27
10.240000000000178
1.1658120277375106e-27
9.746579417013894
3.430672071043799e-27
9.287981859410573
2.6618608209492724e-28
8.861005949161799
4.9931527091499545e-28
8.462809917355422
2.7742371734920212e-27
8.09086419753108
5.1143486667225365e-28
7.742911153119404
3.0089295648025636e-27
7.416930737890746
6.250402826382059e-28
7.1111111111112
2.874700584146122e-29
6.823823406914102
2.4996635764499674e-27
6.553600000000207
6.757900808376941e-30
1.4190293538998367e-27
3.513073934897697e-28
1.9493531647798395e-27
3.824749468353755e-28
9.848286681663296e-28
8.084109031492759e-29
7.265626205257929e-28
5.696998349829525e-28
1.259153496899946e-28
4.749841572971479e-28
2.679474107386317e-28
5.14132774866259e-28
9.50355891828397e-28
3.8333502445598785e-28
6.599893523794345e-28
1.4432268344818445e-27
6.468062500738724e-29
1.130977154501414e-28
3.6699664108564374e-28
4.573621334683356e-29
3.6147531363669087e-28
3.313146272986222e-28
1.8192002386599624e-27
8.122236420244505e-29
5.917752003269466e-28
1.1869272248264073e-28
1.015570971671804e-27
8.437651435412116e-28
9.261487911373571e-29
2.274836541548289e-29
6.038155662217931e-28
4.387833022175737e-28
3.107125512798741e-28
6.737545786192091e-28
6.66042968746589e-28
1.6274939530118237e-28
9.820807610449449e-29
3.552920696570815e-28
4.0245943562187014e-28
4.617519175141296e-28
2.7098275771040673e-28
9.98245730745727e-28
1.7597995581809398e-28
7.203610481611755e-29
1.6758064946486857e-27
2.0993267886140357e-28
7.511409345441143e-29
4.378671925478128e-28
5.516494571826006e-28
1.3187924706294e-28
3.8043874411891244e-28
9.975963156758122e-28
7.362849570017334e-28
1.673081323452859e-27
1.1156941852201452e-27
1.3076045837828782e-28
3.4447311139563447e-28
5.542549134034913e-28
2.3763530985964365e-28
2.722133886256229e-28
2.1614604548564243e-28
3.4086738516785487e-28
4.165435035855595e-28
9.101138763405723e-28
7.25129005965095e-28
4.395938284798066e-28
9.711260107621429e-28
9.152063491474654e-28
1.55546859339447e-28
2.8045663419298884e-27
4.52101970294179e-28
1.6188831539398827e-28
5.588047155642023e-28
1.9663214779421303e-28
7.04471369081634e-29
9.753693158403731e-28
1.5684819679811716e-28
3.564691437388665e-28
3.346923678613404e-28
5.7933117725598685e-28
2.3309732363109076e-28
1.1874969425557923e-27
1.252088806692147e-28
1.9443503537264088e-28
2.409813800096574e-28
5.899618631760557e-28
1.3806642051527779e-28
4.362290955050946e-29
3.9425438923220778e-28
2.644502696258823e-28
1.0328816529802324e-28
1.8407443963938085e-27
7.657328954082806e-28
1.1216361628559236e-28
1.0127979765657493e-28
4.480157851387682e-29
1.073455248706222e-28
1.479507375270467e-28
1.031339327490895e-27
7.852663579722049e-28
1.4139969181172558e-27
1.7170355148149028e-28
4.347864303599905e-28
2.3517936151002466e-28
8.69694269582192e-29
4.21041281774449e-28
2.4139844306703004e-29
1.9774996949904606e-28
3.308832537123616e-30
2.346696215629006e-29
6.061605792553553e-29
1.6928302375809682e-28
1.973346336746776e-28
2.752690789287328e-28
2.4773412814335038e-28
6.141592169198182e-28
3.5999481917162885e-28
2.0638647940413347e-27
7.751380121098059e-28
4.071079746700648e-28
5.537799101203652e-28
2.893474257283561e-28
5.143152472296704e-28
8.593732637372344e-28
6.538167051948181e-28
5.96666238292956e-28
4.750465199254948e-28
1.2228931555461163e-27
1.9236255931267038e-29
1.3472206836949881e-28
1.9335374573344847e-28
3.029453081666606e-28
1.1799344658191745e-27
4.313246231006759e-28
1.2716232774677982e-27
8.453096822201604e-28
4.257154514518598e-28
9.203101317472132e-29
2.5390208031499175e-28
9.480726708479064e-29
9.630529037959473e-29
4.7063391270581535e-28
4.293586393731539e-28
4.286342538592639e-28
1.9717772046876588e-28
7.970270720457245e-28
8.618668885340176e-28
7.791707520184321e-29
1.0012007768974564e-27
1.5599322036971608e-27
3.5979216719247544e-29
4.894095698905541e-28
9.466900905048214e-28
3.454577459353303e-28
3.822889221927345e-28
3.454577459353281e-28
1.3691074651554183e-27
4.89409569890555e-28
5.169748471892793e-29
1.5599322036971543e-27
1.0215822653201096e-27
7.791707520184363e-29
6.8309347471453285e-28
7.970270720457199e-28
1.1868687435112246e-28
4.286342538592663e-28
4.542860780205338e-28
4.706339127058147e-28
1.9853981255753775e-28
9.480726708479099e-29
1.9463189090265054e-28
9.203101317472138e-29
5.839706003517494e-28
8.45309682220161e-28
1.1051215782354281e-27
4.31324623100673e-28
1.1790653465280012e-27
3.029453081666615e-28
1.8539644774878295e-28
1.3472206836949747e-28
2.517500864968616e-29
1.222893155546121e-27
4.993886823052079e-28
5.966662382929541e-28
8.10090883904837e-28
8.593732637372396e-28
5.2088556890975595e-28
2.8934742572835442e-28
7.776966395500331e-28
4.071079746700656e-28
8.625387099871691e-28
2.0638647940413286e-27
5.080163796236773e-28
6.1415921691982075e-28
2.134162532703574e-28
2.7526907892873208e-28
2.371624732272511e-28
1.6928302375809771e-28
7.167662134999935e-29
2.3466962156290034e-29
4.2144701321249396e-30
1.9774996949904758e-28
3.1928744737058455e-29
4.21041281774445e-28
2.161958519888289e-28
2.3517936151002524e-28
3.3847491918281422e-28
1.7170355148148857e-28
1.3190873094442274e-27
7.852663579722082e-28
1.1235716193929429e-27
1.479507375270461e-28
1.5820423213579976e-28
4.4801578513876866e-29
3.123809478737631e-29
1.121636162855924e-28
8.57959156806825e-28
1.8407443963938193e-27
1.127302717974894e-28
2.644502696258814e-28
2.4320834004482732e-28
4.3622909550509224e-29
1.7263655283954184e-28
5.899618631760539e-28
4.129384267099728e-28
1.9443503537264115e-28
1.3732615617798928e-28
1.1874969425557874e-27
2.8041500252023275e-28
5.793311772559898e-28
2.6852923767916723e-28
3.5646914373886486e-28
3.4554083097297214e-28
9.753693158403814e-28
9.273051967850965e-29
1.966321477942123e-28
7.769087607507077e-28
1.6188831539398786e-28
4.953270857085113e-28
2.804566341929876e-27
1.330965039614405e-28
9.152063491474688e-28
1.0247057632312828e-27
4.395938284798053e-28
7.442461602297203e-28
9.101138763405761e-28
2.990406475217388e-28
3.4086738516785473e-28
2.157318876775957e-28
2.722133886256244e-28
2.320091783655873e-28
5.54254913403488e-28
1.6723415016525147e-28
1.3076045837828903e-28
1.0666469348501873e-27
1.6730813234528534e-27
8.883270225443227e-28
9.975963156758149e-28
3.8447772227984026e-28
1.3187924706294038e-28
7.169921791855731e-28
4.378671925478134e-28
6.41584751794862e-29
2.09932678861403e-28
1.642683432386609e-27
7.203610481611782e-29
1.920153468248876e-28
9.982457307457185e-28
1.3816178791053622e-28
4.6175191751413e-28
3.937264549310696e-28
3.5529206965707966e-28
1.9091163508752896e-28
1.6274939530118261e-28
6.21979647381041e-28
6.737545786192062e-28
4.774397185966651e-28
4.387833022175753e-28
4.882003134761098e-28
2.2748365415482612e-29
3.898268085903676e-28
8.437651435412146e-28
1.015570971671804e-27
1.1869272248263959e-28
7.470511771800691e-28
8.122236420244504e-29
1.4497600159966792e-27
3.3131462729862063e-28
2.5518308528687845e-28
4.573621334683356e-29
3.034425077836604e-28
1.1309771545014097e-28
3.159419615032175e-29
1.4432268344818495e-27
6.202943586154421e-28
3.8333502445598727e-28
1.2165437456216013e-27
5.141327748662609e-28
2.298107667038961e-28
4.749841572971453e-28
9.94405573750177e-29
5.696998349829531e-28
4.856716411126599e-28
8.084109031492731e-29
1.0177838081231705e-27
3.8247494683537633e-28
1.790532510564399e-27
3.513073934897697e-28
1.3241755203335763e-27
6.757900808377056e-30
6.553600000000198
2.499663576449967e-27
6.823823406914119
2.874700584146133e-29
7.111111111111198
6.250402826382041e-28
7.416930737890747
3.0089295648025676e-27
7.742911153119389
5.114348666722525e-28
8.090864197531078
2.774237173492033e-27
8.462809917355424
4.993152709149942e-28
8.861005949161807
2.661860820949288e-28
9.287981859410587
3.430672071043792e-27
9.74657941701389
1.1658120277375176e-27
10.240000000000173
1.3493622483222398e-27
10.771860618014461
8.782610814020695e-29
11.346260387811583
5.120800801165052e-28
11.967859751643392
5.277840598559425e-28
12.641975308642005
9.550397289344418e-28
13.374693877551241
4.555927941121329e-28
14.173010380622937
8.314017463563312e-28
15.044995408631745
9.46183766617444e-28
16.0000000000001
6.0096621847126955e-28
17.048907388137657
1.4282630449932109e-28
18.20444444444445
1.807308435497683e-27
19.481569560047514
2.4638652006422305e-27
20.89795918367372
1.5196937718125528e-27
22.474622770918863
5.775794445731977e-28
24.23668639053262
1.5254291133129595e-27
26.214400000000246
1.1888613411807172e-27
28.44444444444465
1.5206492139637859e-27
30.97164461247649
1.2175285298470548e-27
33.85123966942151
1.0074954046533506e-27
37.15192743764206
1.7793698972114817e-27
40.96000000000035
6.528985226569683e-28
45.385041551246964
7.57243010187216e-28
50.5679012345679
6.302349881226069e-28
56.69204152249155
7.716554133465577e-28
64.00000000000048
6.3756894732446345e-28
72.81777777777799
6.533627570328681e-28
83.59183673469362
5.779843772280918e-28
96.94674556213067
2.3192527668081467e-27
113.77777777777841
2.695393186057373e-27
135.40495867768658
4.803746457163769e-28
163.8400000000005
6.7197135020521445e-28
202.2716049382724
3.2914350452395653e-28
255.9999999999995
4.506495791979219e-28
334.3673469387757
3.158118147513021e-28
455.1111111111112
5.2576484390023015e-28
655.3600000000026
9.905145373093936e-28
1024.0000000000014
2.0262690039219324e-29
1820.444444444452
1.9730560715570917e-29
4096.000000000004
2.0246779967348e-28
16384.000000000073
9.213760856079443e-28
