-2.6170293789026522e-15
0.13795647876902317
0.25773573450104875
0.345130926255709
0.39284376556455736
0.4016504287820496
0.3795525294899323
0.3392258608818664
0.2945307525356704
0.2570666276877527
0.23368378449977673
0.22553908069814135
0.22880605166785029
0.23667158846519679
0.24191240616920479
0.23923804482410319
0.22673069195145432
0.2060460406469834
0.18144893677575688
0.15811133024818078
0.14029198176941432
0.1299987872208326
0.12652636341848983
0.12694362703407153
0.1272885150071146
0.12401268326366544
0.11517089248812451
0.10097250865060668
0.08355430448197744
0.06610650439545251
0.05169464465247729
0.04220135712199916
0.03774477538908611
0.03674532697950095
0.036579667722185946
0.0345615166186138
0.028890420510743888
0.019239693699558552
0.006797049133394966
-0.006228784053396001
-0.017436660872692484
-0.02509039550286056
-0.028702500341066122
-0.02915125923167044
-0.02831020941596214
-0.02834126855205412
-0.03091480982755897
-0.0366351427491401
-0.04486655554357978
-0.05400627423894829
-0.062091085126448696
-0.06751047378207269
-0.06956944578313969
-0.0687062824585743
-0.06629936618303547
-0.06414518234226044
-0.06380375376186519
-0.06604875913772323
-0.07061514324442024
-0.0763254360180768
-0.0815387869395614
-0.08475331486618248
-0.08514238857790751
-0.0828349363842704
-0.07884624615004761
-0.07469293981332759
-0.07183780912761711
-0.07116745297954549
-0.07268907048184635
-0.07554999180756194
-0.07836563023685474
-0.07973139778373807
-0.07873091755622282
-0.07525817407712623
-0.07004173765189434
-0.0643683328172672
-0.05961096829521423
-0.05673498256997025
-0.05596003679312988
-0.05669680473091981
-0.057776273125750066
-0.057884065459657366
-0.05603996184031092
-0.05194917255137916
-0.04610086222825332
-0.03958234649902747
-0.033680232542991045
-0.029415444164909748
-0.027180762915661585
-0.026610203382372716
-0.026724211185553907
-0.026294646582687882
-0.024294982468522405
-0.020272096473114145
-0.014506317351962367
-0.007904375569116388
-0.0016669543399830255
0.0031465441834471115
0.005997599900452597
0.007055865315866661
0.007128320099766238
0.007358385024025585
0.00880597579792555
0.01206152023959513
0.01703335324797096
0.02298403460082116
0.028800482471404994
0.033398333304938965
0.036113097182680506
0.036936495132228894
0.03651336425244855
0.03590175445533511
0.03618458663768508
0.0380745000517541
0.04165521108746991
0.0463525027067345
0.05114429139855339
0.05493251501437311
0.05694124402297965
0.05699644065004012
0.055586233958332544
0.05368052498571802
0.05237611039164594
0.052496643368834806
0.05429282988068811
0.05735157207016592
0.06074672430685473
0.06337635561331303
0.06436375234604462
0.06337635561331274
0.0607467243068541
0.05735157207016488
0.05429282988068673
0.05249664336883308
0.05237611039164399
0.053680524985716
0.055586233958330664
0.056996440650038456
0.05694124402297842
0.05493251501437232
0.051144291398552984
0.046352502706734286
0.04165521108746976
0.03807450005175382
0.03618458663768464
0.035901754455334514
0.03651336425244799
0.03693649513222843
0.03611309718268037
0.0333983333049392
0.02880048247140556
0.022984034600821938
0.017033353247971807
0.012061520239595891
0.008805975797926111
0.007358385024025976
0.007128320099766469
0.007055865315866785
0.005997599900452815
0.0031465441834475113
-0.001666954339982437
-0.007904375569115746
-0.014506317351961699
-0.020272096473113604
-0.02429498246852215
-0.02629464658268793
-0.026724211185554143
-0.026610203382372983
-0.02718076291566182
-0.029415444164909765
-0.03368023254299085
-0.03958234649902707
-0.046100862228252854
-0.05194917255137881
-0.05603996184031073
-0.057884065459657436
-0.05777627312575036
-0.056696804730920224
-0.055960036793130254
-0.056734982569970345
-0.05961096829521403
-0.06436833281726669
-0.07004173765189364
-0.07525817407712547
-0.07873091755622214
-0.07973139778373776
-0.0783656302368546
-0.07554999180756206
-0.07268907048184649
-0.07116745297954553
-0.07183780912761689
-0.07469293981332711
-0.07884624615004694
-0.0828349363842697
-0.08514238857790694
-0.08475331486618227
-0.08153878693956157
-0.07632543601807731
-0.07061514324442097
-0.06604875913772403
-0.06380375376186577
-0.06414518234226077
-0.06629936618303553
-0.06870628245857405
-0.0695694457831394
-0.06751047378207252
-0.06209108512644866
-0.054006274238948514
-0.04486655554358028
-0.03663514274914076
-0.03091480982755958
-0.028341268552054533
-0.028310209415962316
-0.029151259231670387
-0.028702500341065917
-0.025090395502860335
-0.017436660872692463
-0.006228784053396113
0.006797049133394702
0.0192396936995582
0.02889042051074356
0.03456151661861359
0.036579667722185814
0.036745326979500975
0.037744775389086084
0.04220135712199895
0.05169464465247692
0.06610650439545188
0.08355430448197664
0.10097250865060585
0.11517089248812377
0.12401268326366482
0.1272885150071142
0.12694362703407122
0.12652636341848955
0.12999878722083213
0.14029198176941365
0.15811133024817978
0.1814489367757556
0.20604604064698204
0.22673069195145318
0.23923804482410263
0.2419124061692046
0.23667158846519704
0.22880605166785078
0.22553908069814183
0.23368378449977678
0.2570666276877522
0.2945307525356693
0.3392258608818648
0.3795525294899309
0.40165042878204865
0.3928437655645579
0.34513092625571123
0.25773573450105214
0.1379564787690279
2.866184759830492e-15
-0.13795647876902267
-0.2577357345010481
-0.34513092625570824
-0.3928437655645567
-0.40165042878204904
-0.37955252948993196
-0.3392258608818663
-0.2945307525356705
-0.2570666276877529
-0.23368378449977695
-0.22553908069814146
-0.22880605166785029
-0.23667158846519668
-0.24191240616920456
-0.23923804482410296
-0.2267306919514542
-0.2060460406469835
-0.18144893677575716
-0.15811133024818128
-0.14029198176941493
-0.12999878722083316
-0.12652636341849027
-0.1269436270340718
-0.12728851500711466
-0.12401268326366527
-0.11517089248812423
-0.1009725086506064
-0.08355430448197727
-0.06610650439545251
-0.0516946446524775
-0.04220135712199954
-0.037744775389086556
-0.03674532697950135
-0.03657966772218621
-0.03456151661861387
-0.028890420510743763
-0.01923969369955829
-0.006797049133394663
0.006228784053396244
0.01743666087269258
0.02509039550286049
0.028702500341065914
0.02915125923167019
0.028310209415961966
0.028341268552054148
0.03091480982755927
0.03663514274914068
0.0448665555435806
0.05400627423894921
0.062091085126449556
0.06751047378207335
0.06956944578314005
0.06870628245857432
0.0662993661830352
0.06414518234225997
0.06380375376186466
0.06604875913772282
0.07061514324442002
0.0763254360180768
0.08153878693956162
0.08475331486618282
0.08514238857790785
0.08283493638427065
0.07884624615004769
0.07469293981332747
0.07183780912761686
0.07116745297954519
0.07268907048184607
0.07554999180756175
0.07836563023685468
0.07973139778373813
0.07873091755622293
0.07525817407712629
0.07004173765189425
0.06436833281726692
0.05961096829521373
0.056734982569969554
0.055960036793129074
0.056696804730919016
0.057776273125749386
0.05788406545965691
0.05603996184031072
0.05194917255137923
0.046100862228253596
0.039582346499027886
0.0336802325429915
0.029415444164910164
0.027180762915661898
0.02661020338237289
0.02672421118555395
0.02629464658268782
0.024294982468522294
0.020272096473114048
0.014506317351962332
0.007904375569116457
0.0016669543399832267
-0.003146544183446775
-0.005997599900452139
-0.0070558653158661125
-0.007128320099765647
-0.007358385024025004
-0.008805975797925036
-0.01206152023959473
-0.01703335324797071
-0.02298403460082107
-0.02880048247140505
-0.03339833330493913
-0.03611309718268073
-0.036936495132229116
-0.03651336425244873
-0.03590175445533522
-0.036184586637685125
-0.0380745000517541
-0.041655211087469925
-0.0463525027067346
-0.051144291398553615
-0.05493251501437351
-0.05694124402298023
-0.05699644065004087
-0.05558623395833342
-0.05368052498571895
-0.05237611039164686
-0.05249664336883564
-0.0542928298806888
-0.05735157207016642
-0.06074672430685502
-0.06337635561331309
-0.06436375234604443
-0.06337635561331227
-0.06074672430685338
-0.057351572070163906
-0.05429282988068557
-0.05249664336883176
-0.05237611039164262
-0.05368052498571467
-0.055586233958329484
-0.056996440650037526
-0.05694124402297778
-0.054932515014371984
-0.05114429139855293
-0.04635250270673445
-0.04165521108747005
-0.038074500051754154
-0.03618458663768496
-0.03590175445533479
-0.03651336425244823
-0.036936495132228665
-0.036113097182680645
-0.033398333304939576
-0.028800482471406052
-0.02298403460082254
-0.01703335324797248
-0.012061520239596571
-0.008805975797926729
-0.007358385024026465
-0.007128320099766797
-0.007055865315866953
-0.005997599900452858
-0.0031465441834474914
0.0016669543399824495
0.00790437556911569
0.014506317351961536
0.020272096473113333
0.024294982468521804
0.026294646582687556
0.026724211185553817
0.026610203382372768
0.027180762915661766
0.029415444164909904
0.03368023254299117
0.03958234649902755
0.046100862228253436
0.05194917255137944
0.05603996184031134
0.05788406545965796
0.057776273125750746
0.05669680473092046
0.05596003679313031
0.05673498256997025
0.05961096829521379
0.06436833281726638
0.07004173765189331
0.07525817407712519
0.07873091755622197
0.07973139778373771
0.07836563023685468
0.07554999180756225
0.07268907048184674
0.07116745297954578
0.07183780912761706
0.0746929398133272
0.07884624615004691
0.08283493638426959
0.0851423885779068
0.08475331486618216
0.08153878693956157
0.07632543601807748
0.07061514324442131
0.0660487591377245
0.0638037537618663
0.06414518234226127
0.06629936618303592
0.06870628245857424
0.0695694457831394
0.06751047378207232
0.062091085126448356
0.054006274238948195
0.04486655554358003
0.036635142749140634
0.030914809827559602
0.028341268552054665
0.028310209415962483
0.02915125923167049
0.028702500341065862
0.02509039550286005
0.017436660872691943
0.006228784053395395
-0.006797049133395526
-0.019239693699559014
-0.02889042051074424
-0.03456151661861405
-0.03657966772218602
-0.03674532697950095
-0.037744775389085876
-0.042201357121998656
-0.051694644652476626
-0.06610650439545165
-0.08355430448197652
-0.1009725086506058
-0.11517089248812375
-0.12401268326366474
-0.12728851500711397
-0.12694362703407083
-0.12652636341848894
-0.1299987872208314
-0.14029198176941288
-0.1581113302481791
-0.1814489367757551
-0.20604604064698176
-0.22673069195145312
-0.23923804482410285
-0.24191240616920498
-0.23667158846519748
-0.22880605166785123
-0.2255390806981422
-0.23368378449977711
-0.2570666276877525
-0.2945307525356695
-0.3392258608818651
-0.37955252948993123
-0.4016504287820491
-0.39284376556455836
-0.34513092625571157
-0.25773573450105236
-0.1379564787690279
