6.179250730175545e-16
0.5461260248596919
0.8468886696096741
0.8507582220666038
0.7110721274761278
0.6194467542941231
0.6392123194886077
0.6943925658382376
0.692689296400658
0.6305540815100837
0.5760709818626525
0.5753224844762848
0.6026217961412984
0.6036450254452361
0.5653784373735709
0.5258438156435781
0.5206707512325106
0.5396333756765995
0.5448489099968438
0.5210009734373108
0.4920591143153979
0.48731256074006224
0.5040810476759122
0.5140174558259175
0.5011479644102506
0.48106017289172415
0.4785968513599367
0.49554206423248054
0.510009249542277
0.5059998640865584
0.49341191869113454
0.49363940160888387
0.5113815698411276
0.5295710015913255
0.5325177502057847
0.52594884294232
0.5283942533651239
0.546556195899271
0.5671992052944763
0.5751590899989129
0.5729563881213319
0.5766296307421847
0.5942835205681924
0.6158652605122927
0.6268979696222309
0.6273650303702907
0.6310678205090985
0.6470831952158385
0.6680808557399756
0.680400226837066
0.6819848529793209
0.6845831080577395
0.6979138943494814
0.7170206562053393
0.7291650287414219
0.7306402738746277
0.7312823618857798
0.7411847397771969
0.7574835399835125
0.7684495618511411
0.7690436698152882
0.767302255670914
0.7734670388809896
0.7865276983145043
0.7958342890486216
0.7952831674759683
0.7912063265420637
0.7937963367913268
0.8036836684360608
0.8113523099754844
0.8098659194226225
0.8039367244696854
0.8035325491101107
0.810729009578178
0.8171846851503362
0.8153358036072441
0.808354306273453
0.805825785894339
0.8110871336928064
0.8169996601783741
0.8155577864047252
0.808471796505435
0.8048040080399568
0.8089776294165498
0.8150738778672838
0.8148164673416362
0.8085352570599377
0.8046441666882024
0.8084852790935547
0.815367357182764
0.8169037301558191
0.8121303026688566
0.8087033811195677
0.8127233339955819
0.8207256782360637
0.8243654509902433
0.8214780870969706
0.8188689990938484
0.823242671938917
0.8323527751922059
0.8380413597704137
0.837044776349766
0.8352399682778388
0.8397872586363965
0.8496421117352024
0.8569725512310843
0.8575251583360227
0.8561859109317338
0.8604278091529873
0.8703835036440805
0.878679197031758
0.880188232685334
0.8787571881287012
0.8820326787792226
0.8912907634426182
0.8997402497295582
0.9015037419240772
0.899352758039109
0.9009714211274523
0.9087351089053578
0.9165505086043133
0.9179164269594675
0.9145050873039002
0.9139038841195262
0.919531996493422
0.9260986982763983
0.9266088688314991
0.9216214392764623
0.918493901242986
0.9216214392764629
0.9266088688314981
0.9260986982763952
0.9195319964934189
0.9139038841195232
0.9145050873038965
0.9179164269594625
0.9165505086043094
0.9087351089053549
0.9009714211274493
0.8993527580391055
0.9015037419240751
0.8997402497295568
0.8912907634426148
0.8820326787792185
0.8787571881287001
0.8801882326853352
0.8786791970317571
0.870383503644079
0.8604278091529864
0.8561859109317348
0.8575251583360235
0.856972551231083
0.8496421117352017
0.8397872586363971
0.835239968277839
0.837044776349765
0.8380413597704137
0.8323527751922053
0.823242671938913
0.8188689990938459
0.8214780870969693
0.8243654509902444
0.8207256782360633
0.8127233339955794
0.8087033811195647
0.8121303026688549
0.8169037301558163
0.8153673571827611
0.8084852790935533
0.8046441666881989
0.8085352570599346
0.8148164673416307
0.81507387786728
0.8089776294165477
0.8048040080399536
0.8084717965054291
0.8155577864047203
0.8169996601783726
0.8110871336928052
0.8058257858943357
0.8083543062734505
0.8153358036072416
0.8171846851503332
0.8107290095781731
0.8035325491101083
0.8039367244696848
0.8098659194226209
0.8113523099754802
0.8036836684360557
0.7937963367913229
0.791206326542058
0.7952831674759617
0.7958342890486184
0.7865276983145026
0.7734670388809852
0.7673022556709103
0.7690436698152839
0.7684495618511374
0.7574835399835071
0.7411847397771895
0.7312823618857734
0.7306402738746228
0.7291650287414188
0.7170206562053332
0.6979138943494771
0.6845831080577351
0.6819848529793157
0.68040022683706
0.6680808557399704
0.6470831952158358
0.6310678205090958
0.6273650303702848
0.6268979696222262
0.6158652605122903
0.5942835205681885
0.5766296307421792
0.5729563881213281
0.5751590899989094
0.5671992052944719
0.5465561958992665
0.5283942533651177
0.5259488429423153
0.5325177502057772
0.5295710015913182
0.5113815698411217
0.4936394016088776
0.49341191869112905
0.5059998640865526
0.5100092495422711
0.4955420642324768
0.4785968513599296
0.48106017289171593
0.5011479644102446
0.5140174558259113
0.5040810476759061
0.4873125607400541
0.49205911431539023
0.5210009734373041
0.5448489099968358
0.5396333756765915
0.5206707512325042
0.5258438156435731
0.5653784373735635
0.6036450254452296
0.6026217961412912
0.5753224844762787
0.5760709818626475
0.6305540815100731
0.6926892964006511
0.6943925658382303
0.6392123194886008
0.6194467542941116
0.7110721274761185
0.8507582220665943
0.8468886696096669
0.5461260248596885
5.6994343343454825e-15
-0.546126024859687
-0.8468886696096721
-0.8507582220666036
-0.7110721274761282
-0.6194467542941218
-0.639212319488607
-0.6943925658382369
-0.6926892964006587
-0.6305540815100835
-0.5760709818626547
-0.575322484476283
-0.6026217961412966
-0.603645025445237
-0.56537843737357
-0.5258438156435776
-0.5206707512325102
-0.5396333756766006
-0.5448489099968447
-0.5210009734373126
-0.49205911431539934
-0.4873125607400616
-0.5040810476759127
-0.5140174558259171
-0.5011479644102519
-0.48106017289172437
-0.478596851359936
-0.4955420642324793
-0.5100092495422781
-0.505999864086558
-0.493411918691135
-0.49363940160888475
-0.5113815698411294
-0.5295710015913255
-0.5325177502057832
-0.5259488429423214
-0.5283942533651237
-0.5465561958992716
-0.5671992052944759
-0.5751590899989122
-0.5729563881213319
-0.576629630742184
-0.594283520568194
-0.6158652605122934
-0.6268979696222304
-0.6273650303702898
-0.6310678205090987
-0.6470831952158367
-0.6680808557399736
-0.680400226837066
-0.6819848529793209
-0.6845831080577379
-0.69791389434948
-0.7170206562053384
-0.7291650287414216
-0.7306402738746279
-0.731282361885782
-0.7411847397771973
-0.7574835399835147
-0.768449561851142
-0.7690436698152877
-0.7673022556709134
-0.7734670388809867
-0.7865276983145041
-0.7958342890486212
-0.7952831674759681
-0.7912063265420641
-0.7937963367913297
-0.803683668436061
-0.8113523099754855
-0.8098659194226216
-0.8039367244696848
-0.8035325491101101
-0.8107290095781773
-0.817184685150337
-0.8153358036072468
-0.8083543062734541
-0.8058257858943385
-0.8110871336928066
-0.8169996601783774
-0.8155577864047268
-0.8084717965054383
-0.8048040080399568
-0.8089776294165469
-0.8150738778672831
-0.8148164673416355
-0.8085352570599379
-0.8046441666882035
-0.8084852790935523
-0.8153673571827631
-0.8169037301558182
-0.812130302668857
-0.8087033811195693
-0.812723333995585
-0.8207256782360619
-0.8243654509902413
-0.8214780870969699
-0.8188689990938481
-0.8232426719389179
-0.8323527751922041
-0.8380413597704119
-0.8370447763497643
-0.8352399682778385
-0.839787258636398
-0.8496421117352013
-0.856972551231085
-0.8575251583360203
-0.856185910931732
-0.8604278091529902
-0.8703835036440811
-0.8786791970317593
-0.8801882326853333
-0.8787571881287036
-0.8820326787792209
-0.8912907634426186
-0.8997402497295587
-0.9015037419240775
-0.8993527580391072
-0.9009714211274548
-0.9087351089053609
-0.9165505086043155
-0.9179164269594684
-0.9145050873039027
-0.9139038841195277
-0.9195319964934253
-0.9260986982763988
-0.9266088688314973
-0.9216214392764628
-0.918493901242986
-0.921621439276462
-0.9266088688314983
-0.9260986982763939
-0.9195319964934175
-0.913903884119519
-0.9145050873038933
-0.9179164269594596
-0.9165505086043079
-0.9087351089053534
-0.9009714211274489
-0.8993527580391029
-0.9015037419240749
-0.8997402497295586
-0.8912907634426162
-0.8820326787792188
-0.8787571881287007
-0.8801882326853356
-0.8786791970317589
-0.8703835036440777
-0.8604278091529869
-0.8561859109317355
-0.8575251583360244
-0.856972551231087
-0.8496421117352023
-0.8397872586363991
-0.8352399682778376
-0.8370447763497681
-0.8380413597704142
-0.8323527751922057
-0.8232426719389143
-0.8188689990938437
-0.8214780870969689
-0.8243654509902455
-0.8207256782360636
-0.8127233339955818
-0.8087033811195647
-0.8121303026688553
-0.8169037301558174
-0.8153673571827615
-0.8084852790935539
-0.8046441666881969
-0.8085352570599323
-0.8148164673416296
-0.8150738778672822
-0.8089776294165475
-0.8048040080399511
-0.8084717965054273
-0.8155577864047179
-0.8169996601783737
-0.8110871336928052
-0.8058257858943357
-0.8083543062734503
-0.8153358036072438
-0.8171846851503307
-0.8107290095781733
-0.8035325491101101
-0.8039367244696868
-0.8098659194226209
-0.8113523099754807
-0.8036836684360534
-0.79379633679132
-0.791206326542056
-0.795283167475962
-0.7958342890486195
-0.7865276983145044
-0.7734670388809866
-0.7673022556709109
-0.7690436698152839
-0.7684495618511359
-0.7574835399835047
-0.7411847397771866
-0.7312823618857728
-0.7306402738746222
-0.7291650287414194
-0.7170206562053336
-0.6979138943494763
-0.6845831080577351
-0.6819848529793174
-0.6804002268370607
-0.6680808557399673
-0.6470831952158382
-0.6310678205090936
-0.6273650303702819
-0.6268979696222273
-0.615865260512291
-0.5942835205681911
-0.5766296307421785
-0.5729563881213301
-0.5751590899989112
-0.5671992052944705
-0.5465561958992645
-0.5283942533651192
-0.5259488429423148
-0.5325177502057812
-0.5295710015913191
-0.5113815698411208
-0.4936394016088805
-0.49341191869112594
-0.5059998640865473
-0.5100092495422731
-0.4955420642324756
-0.47859685135992835
-0.4810601728917137
-0.5011479644102443
-0.5140174558259148
-0.5040810476759066
-0.4873125607400511
-0.4920591143153871
-0.5210009734373015
-0.5448489099968342
-0.5396333756765878
-0.5206707512325053
-0.5258438156435733
-0.5653784373735671
-0.6036450254452282
-0.602621796141295
-0.5753224844762784
-0.5760709818626493
-0.6305540815100726
-0.6926892964006487
-0.6943925658382292
-0.6392123194886004
-0.6194467542941169
-0.7110721274761167
-0.8507582220665952
-0.8468886696096696
-0.5461260248596932
