x(t) PSD DATA

3.477401452946778e-25
3.79628183325202e-25
7.757275064426802e-25
3.106297586488778e-25
1.0281484586908099e-24
7.731097195264639e-25
4.524113412940732e-25
9.830734743393813e-25
1.8684287548304584e-25
9.180379228883666e-25
1.7792678401664968e-25
4.202041358274094e-24
3.101143185253501e-24
1048575.9999999923
2.9726905955934114e-25
1.893454323088297e-24
3.396469745863349e-25
2.7793416912828497e-25
5.074975106035869e-25
1.655976812239948e-25
8.078926047294178e-26
6.642326506271853e-25
2.2374072842623627e-25
2.882931156529364e-25
8.768386046727636e-25
6.500833662120561e-24
2.206749990030944e-24
1048575.9999999929
1.6383175583804724e-24
3.6627949227385325e-24
4.596585228740839e-25
9.448068541791582e-26
4.9596935756398887e-26
6.267190934504011e-25
1.870715459689178e-25
4.214169906593674e-25
7.3567546481118e-25
1.0097419586828951e-24
6.140303305978249e-25
4.76302590316839e-25
5.082917010446094e-25
1.8852169023654185e-25
1.8213559467126205e-25
2.1066960935353884e-25
2.0102812583653754e-26
1.5631933665091573e-25
4.9134594330170426e-26
5.346017418294606e-25
1.4538930295250349e-25
7.096688611076956e-25
7.601608510028717e-25
2.1618575335400784e-25
4.841500784927622e-25
1.9752112801884808e-25
1.861837643783494e-26
3.965095005026897e-26
2.618935871054212e-26
2.0087912568964588e-26
8.442079887406672e-26
5.79618855842105e-26
3.832764288855943e-26
7.617720167508126e-26
4.189189928135246e-26
1.013184797522261e-25
2.533966206499972e-26
1.1776323313041569e-26
1.253993894167382e-26
2.2119402839892482e-26
6.561190721639157e-27
1.2769229062534332e-25
7.345325202394756e-26
1.080728489772375e-26
7.595029685398098e-26
2.5536305859625508e-27
1.6883632217000212e-25
2.3588092710753765e-25
1.8502460954698289e-25
2.4651483967081052e-26
3.651694728333915e-26
3.2709378746748587e-26
3.1065758171060804e-26
3.431936174900207e-26
3.3170811019200804e-26
2.4934316941080017e-27
7.910155573258757e-26
6.947918512543465e-26
1.4293684065762484e-27
6.240442742295244e-26
4.160935644331451e-27
3.6631426855038743e-26
2.3534769260555102e-26
4.3274108961022307e-26
7.308367739236104e-26
7.644871906822887e-27
1.172795787983538e-26
2.343496075677668e-26
1.9006662024565733e-26
4.594530167623702e-26
8.590033357587948e-26
3.1091993863471164e-26
3.22004710232047e-26
5.856503360360792e-26
1.7902207469540035e-27
3.982855020093109e-26
1.0250894651858587e-26
1.9996092188307455e-26
3.820311881904162e-26
2.5507480160744483e-26
2.5178591200452435e-27
1.436889465586489e-26
2.5441744009727512e-26
8.459630194214179e-27
1.1050010266985803e-26
4.241037127126612e-27
1.867753133389751e-26
9.087677628146056e-27
4.734317157583117e-26
8.298515152867724e-26
1.1993957791353968e-26
3.126848925757361e-27
1.0822535500196013e-26
7.507172741574237e-28
2.671711211313884e-26
9.103988474044784e-26
2.1009454726205096e-26
2.4387438629304848e-27
2.1394519502227553e-26
1.390676029521932e-26
3.448297446739659e-26
3.798143556531418e-26
2.377343509755854e-26
2.061490760568809e-26
1.2561446721367374e-26
1.0862614664893342e-27
8.987603406841788e-27
1.1860882740695524e-26
2.0703249459234167e-26
8.84870613874159e-27
2.6373240247085795e-26
1.0077895279424734e-26
3.5610889122872865e-27
1.8175355256292112e-27
5.020706618440976e-27
3.3080189709742406e-26
3.869077442363301e-27
3.3109550924602146e-26
1.235941359052528e-25
5.333961896742393e-26
4.8375532015330264e-26
7.009484947069574e-26
8.547078129027655e-26
1.333031127109482e-25
9.509118063134416e-26
1.4547884817261706e-25
5.029664424204388e-26
1.1813980916589873e-25
2.7792211401048925e-26
1.4429613589406178e-26
4.0206194391514445e-26
2.0872594910919996e-26
1.801282580345876e-26
1.5210792545378622e-26
6.695424318711678e-26
1.1552097654210496e-26
1.418533529877423e-26
4.978027856306673e-26
1.6197749746884084e-26
3.7605272029631974e-26
1.9887097566096798e-27
1.0875159520687918e-25
2.138828233730111e-25
9.908908628573214e-26
3.3664546763634613e-25
2.325861245298949e-25
1.5662695489704032e-25
3.2501571213465853e-25
1.5199715389543016e-25
2.104430884078163e-25
1.3440097219765684e-25
7.078291130367095e-26
7.947804450881006e-26
7.692083898148934e-26
2.4543439981370932e-26
7.124432375675858e-27
3.97125236958741e-27
5.0333198591548915e-27
7.770134231413943e-27
3.1852398626989433e-26
3.198357801713767e-26
6.82368299520094e-27
7.110809561776331e-28
8.358028037141809e-27
1.9978873601027313e-27
2.3872864405710643e-27
2.2690138455259686e-26
5.642774380254636e-26
1.7542620237223995e-25
1.3013402986760143e-25
1.3241311841964963e-25
3.715496589726471e-26
2.5614563626612651e-26
2.443753027418571e-26
2.3927899059742192e-26
4.2281322213273286e-26
1.6154558985828149e-26
4.343676653139402e-28
3.896407580746168e-27
1.1945601386757327e-26
1.5823988566793463e-27
2.7131136743755556e-27
3.9646135363859396e-27
1.27672226933464e-26
5.505234465020899e-27
1.12881747473421e-26
2.0269382355937952e-26
2.2968758469395952e-27
1.661197174795392e-26
2.8907994903838464e-27
2.290902881504199e-27
2.3919949796378842e-26
1.5023602023643363e-27
1.368351019885784e-26
4.640319533468065e-26
1.0884856898944974e-26
7.639376754793171e-27
1.4119327410402327e-26
1.8955739396277775e-27
9.864600732530177e-27
8.470721096663657e-27
3.311953624479896e-26
1.2593873206751776e-27
6.55246335277182e-28
1.2508947909273536e-27
2.9255856396844355e-27
1.4154051657778215e-26
2.0799688005100008e-26
2.7590896319165174e-26
1.841203929015437e-26
1.246132399832834e-27
6.4473205558988825e-27
3.0805102636507396e-27
1.199828266057424e-26
1.3865899615426538e-26
7.270142102516845e-27
3.8071827776685098e-28
2.8581739289753187e-27
4.085691735049954e-27
6.107986825017144e-27
5.6081836398811085e-27
1.2536316955540988e-27
3.19066079423827e-26
2.656085043152787e-26
1.0500256820368901e-26
4.3410537010928035e-27
6.520753222631606e-27
2.1441387566505105e-26
1.3627109914506326e-27
2.2448838470658378e-26
6.520753222631594e-27
1.6100651075560851e-27
1.0500256820368894e-26
2.871532581095005e-26
3.190660794238265e-26
1.6750903011016042e-27
5.608183639881096e-27
6.929535410291986e-27
4.085691735049967e-27
1.1537090738857298e-28
3.8071827776685277e-28
7.270142102516845e-27
1.386589961542655e-26
1.2893485252964062e-26
3.0805102636507396e-27
7.620926349045236e-27
1.2461323998328389e-27
4.5690823630401004e-26
2.759089631916514e-26
1.5745433332339875e-26
1.4154051657778212e-26
3.2002384425635364e-27
1.2508947909273507e-27
7.403099505819534e-28
1.2593873206751711e-27
4.2005265481208437e-26
8.470721096663649e-27
6.260305768433983e-27
1.8955739396277832e-27
1.561260795624713e-26
7.639376754793171e-27
9.1037537987106e-27
4.640319533468057e-26
6.767230032108187e-27
1.5023602023643205e-27
2.2012374699287113e-26
2.2909028815042034e-27
4.041964011430675e-27
1.6611971747953883e-26
2.3398725441726334e-27
2.0269382355937995e-26
1.499156447647152e-26
5.505234465020902e-27
2.682055304870168e-26
3.964613536385962e-27
1.6318910800239267e-27
1.5823988566793375e-27
1.4423657243089196e-26
3.896407580746161e-27
1.0097419586828951e-28
1.615455898582812e-26
2.615644552764635e-26
2.3927899059742143e-26
2.5078995963211538e-26
2.561456362661263e-26
3.1166397530705965e-26
1.324131184196497e-25
1.1465716494559097e-25
1.7542620237224004e-25
7.316986405837307e-26
2.2690138455259743e-26
1.5118187177317325e-27
1.9978873601027313e-27
8.608836617617726e-27
7.110809561776373e-28
1.0169462871708761e-26
3.198357801713767e-26
1.7522802529550992e-26
7.770134231413922e-27
3.024310988423058e-27
3.971252369587406e-27
8.59160282526001e-27
2.4543439981370943e-26
8.608357945800834e-26
7.947804450881023e-26
8.419869917893509e-26
1.3440097219765737e-25
2.1811087205794094e-25
1.5199715389543016e-25
3.0835670423286816e-25
1.566269548970401e-25
2.251528928909507e-25
3.366454676363455e-25
8.203363611165526e-26
2.138828233730109e-25
1.0252377808482532e-25
1.988709756609669e-27
3.380020155352521e-26
1.6197749746884153e-26
2.1854247374024445e-26
1.4185335298774283e-26
1.8285178750275324e-26
6.695424318711698e-26
1.3820712013405307e-26
1.8012825803458757e-26
2.0959536281208136e-26
4.020619439151436e-26
1.5498261886268896e-26
2.779221140104896e-26
1.1672617042374267e-25
5.029664424204389e-26
1.4370036623109222e-25
9.509118063134419e-26
1.4348277062800135e-25
8.547078129027659e-26
7.025332153636052e-26
4.8375532015330276e-26
7.244683576514858e-26
1.2359413590525301e-25
3.1266953247338374e-26
3.869077442363299e-27
3.2223188365006004e-26
5.020706618440933e-27
9.087677628146056e-27
3.5610889122872714e-27
2.1958934618858332e-26
2.637324024708574e-26
7.237985028990583e-27
2.0703249459234167e-26
1.337005954117535e-26
8.987603406841791e-27
3.8068625833623456e-27
1.2561446721367351e-26
2.9890165402584223e-26
2.3773435097558614e-26
3.9952361061569125e-26
3.448297446739659e-26
1.9321304169173155e-26
2.1394519502227553e-26
1.4503207742488298e-27
2.1009454726205053e-26
8.755803845319576e-26
2.6717112113138836e-26
2.5134012434994094e-27
1.0822535500195992e-26
1.1420356029119472e-27
1.1993957791353993e-26
5.390385172988326e-26
4.7343171575831076e-26
5.0487097934144756e-27
1.8677531333897527e-26
6.26224561715523e-27
1.1050010266985807e-26
5.112326653619858e-27
2.5441744009727472e-26
9.516817960586286e-27
2.5178591200452496e-27
3.0233896143700036e-26
3.820311881904154e-26
2.0400762976935326e-26
1.0250894651858583e-26
4.071363545022776e-26
1.79022074695401e-27
3.089810393569659e-26
3.2200471023204714e-26
4.290838456018036e-26
8.590033357587957e-26
4.521408931309104e-26
1.9006662024565722e-26
3.2748792852467034e-26
1.1727957879835352e-26
8.83365819013774e-27
7.308367739236091e-26
5.381924639779831e-26
2.3534769260555077e-26
3.237604903602639e-26
4.1609356443314276e-27
6.088816457516151e-26
1.4293684065762474e-27
5.746625909922641e-26
7.91015557325877e-26
1.1243372999549828e-26
3.317081101920085e-26
2.515983618235895e-26
3.10657581710608e-26
3.432900966553654e-26
3.651694728333907e-26
2.5243548967072378e-27
1.8502460954698243e-25
2.1096343583918425e-25
1.688363221700019e-25
5.671609418307598e-27
7.595029685398098e-26
5.713323130253221e-27
7.345325202394766e-26
1.5711714624755375e-25
6.561190721639149e-27
1.8028830398475468e-26
1.2539938941673887e-26
9.37587848252782e-27
2.533966206499972e-26
9.034914155666441e-26
4.1891899281352436e-26
6.512231105662283e-26
3.832764288855935e-26
9.994987491459027e-26
8.442079887406652e-26
2.823151219058958e-26
2.618935871054213e-26
3.6666562167835524e-26
1.8618376437834962e-26
2.313796534037798e-25
4.841500784927636e-25
2.0535104351426012e-25
7.601608510028735e-25
6.945253087454148e-25
1.4538930295250356e-25
6.567523769052635e-25
4.9134594330170455e-26
3.8578155905678825e-26
2.0102812583653676e-26
2.97091318729567e-26
1.8213559467126203e-25
1.337566956754113e-25
5.082917010446094e-25
4.985739357645382e-25
6.140303305978254e-25
9.523995500541128e-25
7.35675464811181e-25
6.2031228100598555e-25
1.8707154596891865e-25
7.727653322141339e-25
4.9596935756398887e-26
8.064877810982696e-25
4.596585228740833e-25
2.497225155515654e-24
1.6383175583804719e-24
1048575.9999999895
2.2067499900309444e-24
6.565012026744677e-24
8.768386046727642e-25
9.691927827136718e-25
2.2374072842623673e-25
5.30713293667024e-25
8.078926047294225e-26
1.642218719633628e-25
5.074975106035884e-25
7.627598616907132e-26
3.3964697458633513e-25
2.1063250553900966e-24
2.9726905955934054e-25
1048575.9999999931
3.1011431852534976e-24
4.438868813818624e-24
1.779267840166494e-25
2.374724531793773e-25
1.8684287548304564e-25
7.479803329978347e-25
4.524113412940734e-25
7.1395192466302105e-25
1.0281484586908099e-24
3.4872945140832226e-25
7.757275064426816e-25
3.7414506537981854e-25

y(t) PSD DATA
7.290336941690503e-24
5.4662950064203604e-24
1.8681019040843307e-24
2.8618306549560023e-24
1.0119625077585338e-24
1.9586304267787253e-24
4.232475414782295e-25
2.9677473487041162e-24
4.151643204407013e-24
7.537804450427634e-24
4.746586196610024e-24
3.8707461426272005e-24
8.071914827229515e-24
2.17294314703833e-23
4194304.0000000205
1.1099112457424601e-23
1.1621829681233391e-23
8.121358398528773e-24
4.3270472155438104e-24
2.4743802656822256e-25
7.303913165163075e-25
4.0122460111978556e-25
2.0984196593928618e-25
1.656003360176409e-24
2.2506398841181772e-24
3.052804781082125e-24
2.8799623666255226e-24
4.678882614404185e-24
2.743005350102042e-24
4.0857784195069265e-24
4.711801884917344e-24
2.4369949864432178e-24
9.168330348181893e-25
8.040443260231075e-25
2.3609643834543033e-24
9.94442674626157e-25
3.3576054398422846e-24
2.1135118892575765e-24
1.1748353366291256e-24
8.431649728399827e-24
4194304.000000004
3.0075837314649974e-24
9.413739114592741e-25
8.752244609217013e-25
7.255658634333318e-25
4.445601707875176e-25
2.413620163128831e-25
3.1878760438053957e-25
1.0256146857272573e-24
2.4816897218125663e-24
1.2005831888739623e-24
2.4062682248970368e-24
1.2527083878524359e-24
1.6814767162592938e-24
5.652450772198557e-25
1.121969455197777e-24
3.1662010885599065e-25
1.3652416341153184e-25
8.994087561093299e-26
1.149257398693064e-26
1.4153573692945814e-24
2.1609411723754675e-24
1.792188043196021e-24
3.657121838403057e-24
1.055677079055301e-24
4.34840015319251e-25
1.0200743108288135e-24
4.0634753655936765e-26
5.263490468546752e-25
1.276072295102859e-25
1.6200538805825864e-25
3.4589919088178193e-25
4.857474385296204e-25
8.175590184630026e-26
2.3402422278196487e-25
2.1038867979547013e-25
4.292055917935528e-25
7.022553059014012e-26
1.220998045904975e-25
9.155743556238292e-26
9.04354953828229e-26
1.0126109058600221e-25
2.9244677993550366e-25
3.8662717791558366e-25
2.6662337649254345e-25
4.217254320248036e-26
1.5300176878707712e-25
4.812214348000292e-25
1.0812577217675167e-24
1.226486410776203e-24
2.922091709490538e-25
6.954986162277078e-26
1.6447017322277604e-25
3.487676934334821e-26
2.645561176109615e-25
8.376616399933809e-26
2.2291733821290732e-26
2.755617368934781e-25
7.69102726102486e-26
2.4513314700607326e-25
1.6672088323282022e-25
1.7910240005521974e-25
8.389046187871651e-25
3.478603930494251e-25
3.248654326879262e-25
3.283806367158466e-25
2.9706960823649404e-25
2.21150221654606e-26
2.709613388041434e-26
2.895923156019471e-25
5.146709987947638e-25
2.2671362229007065e-25
2.350223320030795e-25
1.9156076624103355e-25
2.1971985020939798e-25
4.283170392484845e-26
2.2751880487140183e-26
6.160598772148096e-26
8.220923636241635e-26
2.2745197624599215e-25
5.571306183788116e-25
2.1186524386009973e-25
5.312273514248916e-25
6.814489582363727e-25
4.4372225956953215e-25
4.974474409325383e-25
3.114625068361834e-25
1.91523742311141e-26
4.687805929275863e-25
2.244949705442689e-25
4.354389923379676e-25
2.6216380797492893e-25
3.081402551535127e-25
3.554463444088533e-25
4.045278721973347e-27
1.2809742922322832e-25
9.1226478320745e-25
2.406075068507253e-25
4.164261535413118e-26
1.8940761812557357e-26
1.4434891218949832e-25
4.874749109540604e-25
9.079599692476593e-25
1.374975473809021e-24
2.0414349904804856e-25
1.759814900465987e-24
1.2224188587304799e-24
8.217790626175154e-25
9.087418246526265e-25
6.39882384525771e-25
7.7445263494477085e-25
9.71896374690896e-25
3.6499726337580464e-25
8.340706934349784e-26
5.999981631397907e-26
3.8823173572480876e-26
1.8324484532747e-25
8.346405818612692e-26
6.060472017396631e-26
9.973675291950362e-26
8.254654777419542e-26
7.440640070593258e-26
7.508843722701336e-26
1.7514512633767912e-25
7.844782939816717e-27
7.610691052790094e-27
6.900598204278265e-26
4.4005661491455235e-26
5.253064210911979e-25
5.452221921153311e-25
3.798192075935216e-25
3.845792614497381e-25
3.3028398780250393e-25
1.6311021186376584e-25
3.648216753229088e-25
4.961356077841001e-25
1.685211222153345e-25
2.9255390779834204e-25
3.879428605259683e-25
5.712416574674277e-25
6.645096222991706e-25
1.622646065460912e-25
3.1865182697640535e-25
2.461443194679771e-25
3.0994688729247954e-25
7.049097710146445e-25
7.192574032746766e-26
5.868003299096012e-26
1.494723862665694e-25
1.5325746606009469e-25
1.4842137896394002e-25
1.2014396792160397e-25
1.963184262594412e-26
8.002221493493021e-26
1.584640737596178e-25
1.847030888020915e-25
3.010672246559583e-25
7.988558338297625e-25
1.5485785503125626e-25
5.171472893807754e-25
5.0581461375359715e-25
6.42184815183858e-25
9.8974476041578e-25
7.662326246837541e-25
4.004014572272207e-25
3.4356989677934317e-25
6.610525688921646e-26
1.0222612008076125e-25
3.0839611219264546e-25
6.729348481870676e-26
2.9968166730417175e-26
4.6319492633764963e-26
2.6424772024322355e-26
2.2593409827820076e-26
4.030660521959429e-26
1.2625924407488114e-26
5.396482275270911e-26
9.068094739617458e-26
2.7368614671524215e-26
7.390120903520455e-27
4.2852851475341297e-26
2.07968467087826e-25
3.0919093229148616e-26
3.8228881037561753e-25
3.073447387175094e-25
2.8556687025006756e-25
1.8065503741744327e-25
1.3748824889849885e-26
1.9252082802259852e-26
2.1510767008410862e-26
5.721577473333737e-26
1.138874844928633e-25
5.312425884221717e-26
4.604844238129296e-26
5.31656951476673e-26
2.101204313158126e-25
1.8226110270850724e-26
1.9750574207264692e-25
3.292881224565492e-25
9.944132426942842e-26
1.9243235535622663e-26
1.8522460342641314e-26
1.6802106192483375e-25
9.239758132151733e-27
6.301382555151545e-26
6.842316072428037e-27
1.2657236035734097e-26
5.384105835144981e-26
1.8625918490759692e-25
1.576403645558279e-25
2.629073129282938e-26
1.1810325356451584e-25
1.702286512984677e-26
6.51433645533567e-27
3.238367073687572e-26
6.96869934529543e-26
2.8477878678478526e-26
6.968699345295407e-26
6.4185667553307626e-27
6.514336455335713e-27
1.7022865129846689e-26
1.181032535645157e-25
3.1524459494442074e-26
1.576403645558283e-25
1.4831926081693911e-25
5.384105835144971e-26
5.998070479366693e-27
6.842316072428024e-27
6.301382555151557e-26
9.239758132151773e-27
1.2924697071141057e-25
1.8522460342641486e-26
1.924323553562272e-26
9.944132426942858e-26
2.69247693282794e-25
1.9750574207264699e-25
1.8226110270850595e-26
2.101204313158118e-25
5.707758501020455e-26
4.6048442381292753e-26
2.6178349139759265e-26
1.13887484492863e-25
4.540594787493539e-26
2.1510767008410954e-26
1.925208280225976e-26
1.3748824889849727e-26
1.9517804271956975e-25
2.8556687025006852e-25
3.073447387175094e-25
3.8228881037561625e-25
2.915406208155318e-26
2.0796846708782627e-25
4.2852851475341475e-26
7.390120903520458e-27
3.471450459739895e-26
9.068094739617435e-26
5.176268601788713e-26
1.2625924407488244e-26
6.643906804007885e-26
2.2593409827820334e-26
2.642477202432236e-26
4.631949263376484e-26
8.962107451747868e-27
6.729348481870691e-26
3.0839611219264546e-25
1.0222612008076083e-25
1.0521511209475767e-25
3.4356989677934354e-25
4.004014572272198e-25
7.66232624683749e-25
9.049264681555333e-25
6.421848151838601e-25
4.2181062621743625e-25
5.171472893807739e-25
1.294587587656934e-25
7.988558338297651e-25
3.0106722465595823e-25
1.8470308880209156e-25
2.649629806892507e-25
8.002221493493082e-26
1.9631842625944113e-26
1.201439679216032e-25
1.3293504343398554e-25
1.5325746606009473e-25
1.494723862665696e-25
5.86800329909598e-26
6.875535938061264e-26
7.049097710146466e-25
4.575803205427182e-25
2.461443194679774e-25
3.1306204282170692e-25
1.622646065460918e-25
6.645096222991719e-25
5.71241657467427e-25
4.191218852635345e-25
2.92553907798346e-25
1.6852112221533451e-25
4.961356077840986e-25
5.219605968401857e-25
1.631102118637659e-25
3.302839878025031e-25
3.845792614497368e-25
3.945575434208009e-25
5.452221921153329e-25
4.0069164161524503e-25
4.4005661491455195e-26
5.49233497876028e-26
7.610691052790133e-27
7.844782939816789e-27
1.7514512633767857e-25
8.203832816865334e-26
7.440640070593271e-26
8.254654777419535e-26
9.973675291950329e-26
2.749245267516868e-26
8.346405818612711e-26
1.832448453274699e-25
3.8823173572480727e-26
6.183156673135521e-26
8.340706934349776e-26
4.875492814411747e-25
9.718963746908924e-25
7.52121680615495e-25
6.398823845257752e-25
9.087418246526278e-25
8.217790626175143e-25
1.2770072380268927e-24
1.7598149004659968e-24
2.041434990480486e-25
1.3749754738090127e-24
3.7481621506309067e-25
4.8747491095406055e-25
1.4434891218949812e-25
1.8940761812557455e-26
3.568873977350392e-26
2.406075068507245e-25
7.2266819931840645e-25
1.2809742922322756e-25
1.2834603530135519e-26
3.5544634440885524e-25
3.0814025515351305e-25
2.6216380797492847e-25
4.40046747838942e-25
2.2449497054426937e-25
4.687805929275863e-25
1.9152374231113795e-26
2.2563670142900818e-25
4.974474409325397e-25
4.437222595695318e-25
6.814489582363696e-25
6.0203655475933e-25
2.1186524386010084e-25
5.679932623945175e-25
2.274519762459916e-25
8.646410723217596e-26
6.160598772148107e-26
2.2751880487140063e-26
4.283170392484875e-26
1.3247814497919582e-25
1.9156076624103463e-25
2.3502233200307945e-25
2.2671362229006955e-25
2.6306302378586125e-25
2.8959231560194676e-25
2.709613388041419e-26
2.2115022165460624e-26
2.9831761059766e-25
3.283806367158474e-25
3.422780693054398e-25
3.4786039304942386e-25
7.297746523158499e-25
1.791024000552207e-25
1.6672088323282018e-25
2.4513314700607285e-25
1.3012660959521957e-25
2.755617368934792e-25
2.229173382129073e-26
8.376616399933748e-26
3.826014954685194e-25
3.4876769343347896e-26
1.6447017322277558e-25
6.954986162277034e-26
2.484958735085604e-25
1.2264864107762059e-24
8.888135262170405e-25
4.812214348000268e-25
1.407700758725874e-25
4.217254320248092e-26
2.666233764925441e-25
3.866271779155834e-25
1.2883207607001767e-25
1.0126109058600225e-25
9.043549538282283e-26
9.155743556238284e-26
9.713717642529451e-26
7.022553059014026e-26
4.292055917935527e-25
2.1038867979546926e-25
2.8307378543023542e-25
8.175590184630061e-26
4.777495294310423e-25
3.458991908817812e-25
1.1014892489629003e-25
1.2760722951028563e-25
5.263490468546756e-25
4.0634753655936174e-26
1.3494191012751082e-24
4.348400153192536e-25
1.0556770790553008e-24
3.6571218384030414e-24
1.91428136534398e-24
2.160941172375471e-24
1.4153573692945793e-24
1.1492573986930594e-26
1.48099442453442e-25
1.365241634115329e-25
3.644078275100997e-25
1.1219694551977735e-24
5.586750066853243e-25
1.6814767162593026e-24
1.25270838785244e-24
2.4062682248970317e-24
1.153663029199721e-24
2.4816897218125872e-24
1.0256146857272573e-24
3.1878760438053736e-25
1.1297709599148223e-24
4.445601707875175e-25
7.255658634333297e-25
8.752244609216971e-25
1.1495193091963755e-24
3.0075837314650106e-24
4194304.000000004
8.4316497283998e-24
1.0210894146639184e-24
2.1135118892575846e-24
3.357605439842289e-24
9.94442674626154e-25
1.7848198865151503e-24
8.040443260231123e-25
9.168330348181893e-25
2.4369949864431983e-24
3.282292735285959e-24
4.085778419506942e-24
2.7430053501020407e-24
4.67888261440417e-24
3.275763543873446e-24
3.052804781082137e-24
1.8643520548694444e-24
1.6560033601764062e-24
5.187928903116728e-25
4.0122460111978997e-25
7.303913165163104e-25
2.474380265682207e-25
5.450482743709615e-24
8.121358398528808e-24
1.1621829681233391e-23
1.1099112457424558e-23
4194304.000000012
2.17294314703833e-23
8.071914827229503e-24
3.8707461426271814e-24
4.113672908225075e-24
7.537804450427653e-24
4.2803866397031636e-24
2.9677473487041074e-24
5.622271674721726e-26
1.958630426778737e-24
1.0119625077585366e-24
2.8618306549559956e-24
6.868032472201817e-25
5.466295006420391e-24
