PSD Data for Signal 1 with pulse index = 0 

1
1.0
1.0
1.0
1.0
1.0
1.0
1.0
1.0
1.0
1.0
1.0
1.0
1.0
1.0
1.0
1.0
1.0
1.0
1.0
1.0
1.0
1.0
1.0
1.0
1.0
1.0
1.0
1.0
1.0
1.0
1.0
1.0
1.0
1.0
1.0
1.0
1.0
1.0
1.0
1.0
1.0
1.0
1.0
1.0
1.0
1.0
1.0
1.0
1.0
1.0
1.0
1.0
1.0
1.0
1.0
1.0
1.0
1.0
1.0
1.0
1.0
1.0
1.0
1.0
1.0
1.0
1.0
1.0
1.0
1.0
1.0
1.0
1.0
1.0
1.0
1.0
1.0
1.0
1.0
1.0
1.0
1.0
1.0
1.0
1.0
1.0
1.0
1.0
1.0
1.0
1.0
1.0
1.0
1.0
1.0
1.0
1.0
1.0
1.0
1.0
1.0
1.0
1.0
1.0
1.0
1.0
1.0
1.0
1.0
1.0
1.0
1.0
1.0
1.0
1.0
1.0
1.0
1.0
1.0
1.0
1.0
1.0
1.0
1.0
1.0
1.0
1.0
1.0
1.0
1.0
1.0
1.0
1.0
1.0
1.0
1.0
1.0
1.0
1.0
1.0
1.0
1.0
1.0
1.0
1.0
1.0
1.0
1.0
1.0
1.0
1.0
1.0
1.0
1.0
1.0
1.0
1.0
1.0
1.0
1.0
1.0
1.0
1.0
1.0
1.0
1.0
1.0
1.0
1.0
1.0
1.0
1.0
1.0
1.0
1.0
1.0
1.0
1.0
1.0
1.0
1.0
1.0
1.0
1.0
1.0
1.0
1.0
1.0
1.0
1.0
1.0
1.0
1.0
1.0
1.0
1.0
1.0
1.0
1.0
1.0
1.0
1.0
1.0
1.0
1.0
1.0
1.0
1.0
1.0
1.0
1.0
1.0
1.0
1.0
1.0
1.0
1.0
1.0
1.0
1.0
1.0
1.0
1.0
1.0
1.0
1.0
1.0
1.0
1.0
1.0
1.0
1.0
1.0
1.0
1.0
1.0
1.0
1.0
1.0
1.0
1.0
1.0
1.0
1.0
1.0
1.0
1.0
1.0
1.0
1.0
1.0
1.0
1.0
1.0
1.0
1.0
1.0
1.0
1.0
1.0
1.0
1.0
1.0
1.0
1.0
1.0
1.0
1.0
1.0
1.0
1.0
1.0
1.0
1.0
1.0
1.0
1.0
1.0
1.0
1.0
1.0
1.0
1.0
1.0
1.0
1.0
1.0
1.0
1.0
1.0
1.0
1.0
1.0
1.0
1.0
1.0
1.0
1.0
1.0
1.0
1.0
1.0
1.0
1.0
1.0
1.0
1.0
1.0
1.0
1.0
1.0
1.0
1.0
1.0
1.0
1.0
1.0
1.0
1.0
1.0
1.0
1.0
1.0
1.0
1.0
1.0
1.0
1.0
1.0
1.0
1.0
1.0
1.0
1.0
1.0
1.0
1.0
1.0
1.0
1.0
1.0
1.0
1.0
1.0
1.0
1.0
1.0
1.0
1.0
1.0
1.0
1.0
1.0
1.0
1.0
1.0
1.0
1.0
1.0
1.0
1.0
1.0
1.0
1.0
1.0
1.0
1.0
1.0
1.0
1.0
1.0
1.0
1.0
1.0
1.0
1.0
1.0
1.0
1.0
1.0
1.0
1.0
1.0
1.0
1.0
1.0
1.0
1.0
1.0
1.0
1.0
1.0
1.0
1.0
1.0
1.0
1.0
1.0
1.0
1.0
1.0
1.0
1.0
1.0
1.0
1.0
1.0
1.0
1.0
1.0
1.0
1.0
1.0
1.0
1.0
1.0
1.0
1.0
1.0
1.0
1.0
1.0
1.0
1.0
1.0
1.0
1.0
1.0
1.0
1.0
1.0
1.0
1.0
1.0
1.0
1.0
1.0
1.0
1.0
1.0
1.0
1.0
1.0
1.0
1.0
1.0
1.0
1.0
1.0
1.0
1.0
1.0
1.0
1.0
1.0
1.0
1.0
1.0
1.0
1.0
1.0
1.0
1.0
1.0
1.0
1.0
1.0
1.0
1.0
1.0
1.0
1.0
1.0
1.0
1.0
1.0
1.0
1.0
1.0
1.0
1.0
1.0
1.0
1.0
1.0
1.0
1.0
1.0
1.0
1.0
1.0
1.0
1.0
1.0
1.0
1.0
1.0
1.0
1.0
1.0
1.0
1.0
1.0
1.0
1.0
1.0
1.0
1.0
1.0
1.0
1.0
1
1.0
1.0
1.0
1.0
1.0
1.0
1.0
1.0
1.0
1.0
1.0
1.0
1.0
1.0
1.0
1.0
1.0
1.0
1.0
1.0
1.0
1.0
1.0
1.0
1.0
1.0
1.0
1.0
1.0
1.0
1.0
1.0
1.0
1.0
1.0
1.0
1.0
1.0
1.0
1.0
1.0
1.0
1.0
1.0
1.0
1.0
1.0
1.0
1.0
1.0
1.0
1.0
1.0
1.0
1.0
1.0
1.0
1.0
1.0
1.0
1.0
1.0
1.0
1.0
1.0
1.0
1.0
1.0
1.0
1.0
1.0
1.0
1.0
1.0
1.0
1.0
1.0
1.0
1.0
1.0
1.0
1.0
1.0
1.0
1.0
1.0
1.0
1.0
1.0
1.0
1.0
1.0
1.0
1.0
1.0
1.0
1.0
1.0
1.0
1.0
1.0
1.0
1.0
1.0
1.0
1.0
1.0
1.0
1.0
1.0
1.0
1.0
1.0
1.0
1.0
1.0
1.0
1.0
1.0
1.0
1.0
1.0
1.0
1.0
1.0
1.0
1.0
1.0
1.0
1.0
1.0
1.0
1.0
1.0
1.0
1.0
1.0
1.0
1.0
1.0
1.0
1.0
1.0
1.0
1.0
1.0
1.0
1.0
1.0
1.0
1.0
1.0
1.0
1.0
1.0
1.0
1.0
1.0
1.0
1.0
1.0
1.0
1.0
1.0
1.0
1.0
1.0
1.0
1.0
1.0
1.0
1.0
1.0
1.0
1.0
1.0
1.0
1.0
1.0
1.0
1.0
1.0
1.0
1.0
1.0
1.0
1.0
1.0
1.0
1.0
1.0
1.0
1.0
1.0
1.0
1.0
1.0
1.0
1.0
1.0
1.0
1.0
1.0
1.0
1.0
1.0
1.0
1.0
1.0
1.0
1.0
1.0
1.0
1.0
1.0
1.0
1.0
1.0
1.0
1.0
1.0
1.0
1.0
1.0
1.0
1.0
1.0
1.0
1.0
1.0
1.0
1.0
1.0
1.0
1.0
1.0
1.0
1.0
1.0
1.0
1.0
1.0
1.0
1.0
1.0
1.0
1.0
1.0
1.0
1.0
1.0
1.0
1.0
1.0
1.0
1.0
1.0
1.0
1.0
1.0
1.0
1.0
1.0
1.0
1.0
1.0
1.0
1.0
1.0
1.0
1.0
1.0
1.0
1.0
1.0
1.0
1.0
1.0
1.0
1.0
1.0
1.0
1.0
1.0
1.0
1.0
1.0
1.0
1.0
1.0
1.0
1.0
1.0
1.0
1.0
1.0
1.0
1.0
1.0
1.0
1.0
1.0
1.0
1.0
1.0
1.0
1.0
1.0
1.0
1.0
1.0
1.0
1.0
1.0
1.0
1.0
1.0
1.0
1.0
1.0
1.0
1.0
1.0
1.0
1.0
1.0
1.0
1.0
1.0
1.0
1.0
1.0
1.0
1.0
1.0
1.0
1.0
1.0
1.0
1.0
1.0
1.0
1.0
1.0
1.0
1.0
1.0
1.0
1.0
1.0
1.0
1.0
1.0
1.0
1.0
1.0
1.0
1.0
1.0
1.0
1.0
1.0
1.0
1.0
1.0
1.0
1.0
1.0
1.0
1.0
1.0
1.0
1.0
1.0
1.0
1.0
1.0
1.0
1.0
1.0
1.0
1.0
1.0
1.0
1.0
1.0
1.0
1.0
1.0
1.0
1.0
1.0
1.0
1.0
1.0
1.0
1.0
1.0
1.0
1.0
1.0
1.0
1.0
1.0
1.0
1.0
1.0
1.0
1.0
1.0
1.0
1.0
1.0
1.0
1.0
1.0
1.0
1.0
1.0
1.0
1.0
1.0
1.0
1.0
1.0
1.0
1.0
1.0
1.0
1.0
1.0
1.0
1.0
1.0
1.0
1.0
1.0
1.0
1.0
1.0
1.0
1.0
1.0
1.0
1.0
1.0
1.0
1.0
1.0
1.0
1.0
1.0
1.0
1.0
1.0
1.0
1.0
1.0
1.0
1.0
1.0
1.0
1.0
1.0
1.0
1.0
1.0
1.0
1.0
1.0
1.0
1.0
1.0
1.0
1.0
1.0
1.0
1.0
1.0
1.0
1.0
1.0
1.0
1.0
1.0
1.0
1.0
1.0
1.0
1.0
1.0
1.0
1.0
1.0
1.0
1.0
1.0
1.0
1.0
1.0
1.0
1.0
1.0
1.0
1.0
1.0
1.0
1.0
1.0
1.0
1.0

PSD Data for Signal 2 with pulse index = 10 

1
0.9999999999999997
0.9999999999999992
0.9999999999999991
1.0000000000000007
1.0000000000000004
0.9999999999999999
0.9999999999999996
1.0000000000000002
1.0
0.9999999999999996
0.9999999999999991
1.0000000000000009
1.0000000000000007
1.0000000000000002
0.9999999999999998
1.0000000000000009
1.0000000000000004
1.0000000000000002
0.9999999999999999
1.0000000000000013
1.0000000000000013
1.0000000000000007
1.0000000000000004
1.000000000000001
1.000000000000001
1.0000000000000004
1.0000000000000002
1.0000000000000016
1.0000000000000016
1.000000000000001
1.0000000000000007
0.9999999999999993
0.9999999999999991
0.9999999999999987
0.9999999999999987
1.0
1.0
0.9999999999999991
0.9999999999999989
0.9999999999999998
0.9999999999999993
0.9999999999999989
0.9999999999999987
1.0000000000000002
1.0
0.9999999999999997
0.999999999999999
1.0000000000000002
1.0
0.9999999999999998
0.9999999999999993
1.0000000000000007
1.0000000000000009
1.0000000000000002
0.9999999999999998
1.0000000000000004
1.0000000000000002
0.9999999999999999
0.9999999999999996
1.0000000000000009
1.0000000000000009
1.0000000000000004
0.9999999999999998
1.0
0.9999999999999998
0.9999999999999991
0.9999999999999991
1.0000000000000004
1.0000000000000004
1.0
0.9999999999999996
1.0000000000000004
1.0
0.9999999999999994
0.9999999999999991
1.0000000000000009
1.0000000000000007
1.0
0.9999999999999997
1.0000000000000009
1.0000000000000004
1.0000000000000004
0.9999999999999999
1.0000000000000016
1.0000000000000013
1.0000000000000007
1.0000000000000004
1.0000000000000009
1.0000000000000009
1.0000000000000007
1.0000000000000002
1.0000000000000016
1.0000000000000013
1.000000000000001
1.0000000000000004
0.9999999999999996
0.9999999999999992
0.9999999999999989
0.9999999999999986
0.9999999999999999
0.9999999999999999
0.9999999999999991
0.999999999999999
0.9999999999999997
0.9999999999999994
0.9999999999999989
0.9999999999999986
1.0000000000000002
1.0
0.9999999999999996
0.9999999999999991
1.0000000000000004
1.0000000000000002
0.9999999999999998
0.9999999999999992
1.0000000000000007
1.0000000000000009
1.0
0.9999999999999997
1.0000000000000004
1.0000000000000002
1.0
0.9999999999999996
1.0000000000000007
1.000000000000001
1.0000000000000004
0.9999999999999997
1.0000000000000004
1.0000000000000002
0.9999999999999997
0.9999999999999996
1.000000000000001
1.0000000000000009
1.0000000000000002
1.0
1.0000000000000009
1.0000000000000004
1.0
0.9999999999999997
1.0000000000000013
1.0000000000000009
1.0000000000000007
1.0000000000000002
1.0000000000000013
1.000000000000001
1.0000000000000009
1.0000000000000004
1.0000000000000018
1.000000000000002
1.0000000000000013
1.0000000000000009
1.0000000000000016
1.0000000000000016
1.0000000000000009
1.0000000000000007
1.0000000000000022
1.000000000000002
1.0000000000000016
1.0000000000000009
0.9999999999999999
0.9999999999999996
0.9999999999999991
0.9999999999999991
1.0000000000000004
1.0000000000000004
0.9999999999999996
0.9999999999999993
1.0000000000000002
0.9999999999999999
0.9999999999999993
0.9999999999999992
1.0000000000000007
1.0000000000000004
1.0
0.9999999999999996
1.0000000000000007
1.0000000000000004
1.0000000000000002
0.9999999999999998
1.000000000000001
1.0000000000000013
1.0000000000000007
1.0000000000000002
1.0000000000000007
1.0000000000000009
1.0000000000000004
1.0
1.0000000000000013
1.0000000000000016
1.0000000000000009
1.0
1.0000000000000004
1.0
0.9999999999999997
0.9999999999999996
1.0000000000000009
1.0000000000000009
1.0000000000000004
1.0
1.0000000000000007
1.0000000000000004
0.9999999999999999
0.9999999999999996
1.0000000000000013
1.000000000000001
1.0000000000000004
1.0000000000000002
1.0000000000000013
1.0000000000000009
1.0000000000000009
1.0000000000000002
1.000000000000002
1.0000000000000016
1.000000000000001
1.0000000000000009
1.0000000000000016
1.000000000000001
1.0000000000000009
1.0000000000000009
1.000000000000002
1.000000000000002
1.0000000000000016
1.0000000000000009
1.0
0.9999999999999997
0.9999999999999993
0.9999999999999989
1.0000000000000002
1.0000000000000004
0.9999999999999996
0.9999999999999994
1.0
0.9999999999999999
0.9999999999999993
0.9999999999999991
1.0000000000000007
1.0000000000000004
1.0
0.9999999999999996
1.0000000000000009
1.0000000000000007
1.0000000000000002
0.9999999999999996
1.0000000000000009
1.0000000000000013
1.0000000000000007
1.0
1.0000000000000009
1.0000000000000007
1.0000000000000004
0.9999999999999999
1.000000000000001
1.0000000000000016
1.0000000000000009
1.0000000000000002
1.0
0.9999999999999997
0.9999999999999992
0.9999999999999991
1.0000000000000007
1.0000000000000004
0.9999999999999999
0.9999999999999996
1.0000000000000002
1.0
0.9999999999999996
0.9999999999999991
1.0000000000000009
1.0000000000000007
1.0000000000000002
0.9999999999999998
1.0000000000000009
1.0000000000000004
1.0000000000000002
0.9999999999999999
1.0000000000000013
1.0000000000000013
1.0000000000000007
1.0000000000000004
1.000000000000001
1.000000000000001
1.0000000000000004
1.0000000000000002
1.0000000000000016
1.0000000000000016
1.000000000000001
1.0000000000000007
0.9999999999999993
0.9999999999999991
0.9999999999999987
0.9999999999999987
1.0
1.0
0.9999999999999991
0.9999999999999989
0.9999999999999998
0.9999999999999993
0.9999999999999989
0.9999999999999987
1.0000000000000002
1.0
0.9999999999999997
0.999999999999999
1.0000000000000002
1.0
0.9999999999999998
0.9999999999999993
1.0000000000000007
1.0000000000000009
1.0000000000000002
0.9999999999999998
1.0000000000000004
1.0000000000000002
0.9999999999999999
0.9999999999999996
1.0000000000000009
1.0000000000000009
1.0000000000000004
0.9999999999999998
1.0
0.9999999999999998
0.9999999999999991
0.9999999999999991
1.0000000000000004
1.0000000000000004
1.0
0.9999999999999996
1.0000000000000004
1.0
0.9999999999999994
0.9999999999999991
1.0000000000000009
1.0000000000000007
1.0
0.9999999999999997
1.0000000000000009
1.0000000000000004
1.0000000000000004
0.9999999999999999
1.0000000000000016
1.0000000000000013
1.0000000000000007
1.0000000000000004
1.0000000000000009
1.0000000000000009
1.0000000000000007
1.0000000000000002
1.0000000000000016
1.0000000000000013
1.000000000000001
1.0000000000000004
0.9999999999999996
0.9999999999999992
0.9999999999999989
0.9999999999999986
0.9999999999999999
0.9999999999999999
0.9999999999999991
0.999999999999999
0.9999999999999997
0.9999999999999994
0.9999999999999989
0.9999999999999986
1.0000000000000002
1.0
0.9999999999999996
0.9999999999999991
1.0000000000000004
1.0000000000000002
0.9999999999999998
0.9999999999999992
1.0000000000000007
1.0000000000000009
1.0
0.9999999999999997
1.0000000000000004
1.0000000000000002
1.0
0.9999999999999996
1.0000000000000007
1.000000000000001
1.0000000000000004
0.9999999999999997
1.0000000000000004
1.0000000000000002
0.9999999999999997
0.9999999999999996
1.000000000000001
1.0000000000000009
1.0000000000000002
1.0
1.0000000000000009
1.0000000000000004
1.0
0.9999999999999997
1.0000000000000013
1.0000000000000009
1.0000000000000007
1.0000000000000002
1.0000000000000013
1.000000000000001
1.0000000000000009
1.0000000000000004
1.0000000000000018
1.000000000000002
1.0000000000000013
1.0000000000000009
1.0000000000000016
1.0000000000000016
1.0000000000000009
1.0000000000000007
1.0000000000000022
1.000000000000002
1.0000000000000016
1.0000000000000009
0.9999999999999999
0.9999999999999996
0.9999999999999991
0.9999999999999991
1.0000000000000004
1.0000000000000004
0.9999999999999996
0.9999999999999993
1.0000000000000002
0.9999999999999999
0.9999999999999993
0.9999999999999992
1.0000000000000007
1.0000000000000004
1.0
0.9999999999999996
1.0000000000000007
1.0000000000000004
1.0000000000000002
0.9999999999999998
1.000000000000001
1.0000000000000013
1.0000000000000007
1.0000000000000002
1.0000000000000007
1.0000000000000009
1.0000000000000004
1.0
1.0000000000000013
1.0000000000000016
1.0000000000000009
1.0
1.0000000000000004
1.0
0.9999999999999997
0.9999999999999996
1.0000000000000009
1.0000000000000009
1.0000000000000004
1.0
1.0000000000000007
1.0000000000000004
0.9999999999999999
0.9999999999999996
1.0000000000000013
1.000000000000001
1.0000000000000004
1.0000000000000002
1.0000000000000013
1.0000000000000009
1.0000000000000009
1.0000000000000002
1.000000000000002
1.0000000000000016
1.000000000000001
1.0000000000000009
1.0000000000000016
1.000000000000001
1.0000000000000009
1.0000000000000009
1.000000000000002
1.000000000000002
1.0000000000000016
1.0000000000000009
1.0
0.9999999999999997
0.9999999999999993
0.9999999999999989
1.0000000000000002
1.0000000000000004
0.9999999999999996
0.9999999999999994
1.0
0.9999999999999999
0.9999999999999993
0.9999999999999991
1.0000000000000007
1.0000000000000004
1.0
0.9999999999999996
1.0000000000000009
1.0000000000000007
1.0000000000000002
0.9999999999999996
1.0000000000000009
1.0000000000000013
1.0000000000000007
1.0
1.0000000000000009
1.0000000000000007
1.0000000000000004
0.9999999999999999
1.000000000000001
1.0000000000000016
1.0000000000000009
1.0000000000000002
1
0.9999999999999997
0.9999999999999992
0.9999999999999991
1.0000000000000007
1.0000000000000004
0.9999999999999999
0.9999999999999996
1.0000000000000002
1.0
0.9999999999999996
0.9999999999999991
1.0000000000000009
1.0000000000000007
1.0000000000000002
0.9999999999999998
1.0000000000000009
1.0000000000000004
1.0000000000000002
0.9999999999999999
1.0000000000000013
1.0000000000000013
1.0000000000000007
1.0000000000000004
1.000000000000001
1.000000000000001
1.0000000000000004
1.0000000000000002
1.0000000000000016
1.0000000000000016
1.000000000000001
1.0000000000000007
0.9999999999999993
0.9999999999999991
0.9999999999999987
0.9999999999999987
1.0
1.0
0.9999999999999991
0.9999999999999989
0.9999999999999998
0.9999999999999993
0.9999999999999989
0.9999999999999987
1.0000000000000002
1.0
0.9999999999999997
0.999999999999999
1.0000000000000002
1.0
0.9999999999999998
0.9999999999999993
1.0000000000000007
1.0000000000000009
1.0000000000000002
0.9999999999999998
1.0000000000000004
1.0000000000000002
0.9999999999999999
0.9999999999999996
1.0000000000000009
1.0000000000000009
1.0000000000000004
0.9999999999999998
1.0
0.9999999999999998
0.9999999999999991
0.9999999999999991
1.0000000000000004
1.0000000000000004
1.0
0.9999999999999996
1.0000000000000004
1.0
0.9999999999999994
0.9999999999999991
1.0000000000000009
1.0000000000000007
1.0
0.9999999999999997
1.0000000000000009
1.0000000000000004
1.0000000000000004
0.9999999999999999
1.0000000000000016
1.0000000000000013
1.0000000000000007
1.0000000000000004
1.0000000000000009
1.0000000000000009
1.0000000000000007
1.0000000000000002
1.0000000000000016
1.0000000000000013
1.000000000000001
1.0000000000000004
0.9999999999999996
0.9999999999999992
0.9999999999999989
0.9999999999999986
0.9999999999999999
0.9999999999999999
0.9999999999999991
0.999999999999999
0.9999999999999997
0.9999999999999994
0.9999999999999989
0.9999999999999986
1.0000000000000002
1.0
0.9999999999999996
0.9999999999999991
1.0000000000000004
1.0000000000000002
0.9999999999999998
0.9999999999999992
1.0000000000000007
1.0000000000000009
1.0
0.9999999999999997
1.0000000000000004
1.0000000000000002
1.0
0.9999999999999996
1.0000000000000007
1.000000000000001
1.0000000000000004
0.9999999999999997
1.0000000000000004
1.0000000000000002
0.9999999999999997
0.9999999999999996
1.000000000000001
1.0000000000000009
1.0000000000000002
1.0
1.0000000000000009
1.0000000000000004
1.0
0.9999999999999997
1.0000000000000013
1.0000000000000009
1.0000000000000007
1.0000000000000002
1.0000000000000013
1.000000000000001
1.0000000000000009
1.0000000000000004
1.0000000000000018
1.000000000000002
1.0000000000000013
1.0000000000000009
1.0000000000000016
1.0000000000000016
1.0000000000000009
1.0000000000000007
1.0000000000000022
1.000000000000002
1.0000000000000016
1.0000000000000009
0.9999999999999999
0.9999999999999996
0.9999999999999991
0.9999999999999991
1.0000000000000004
1.0000000000000004
0.9999999999999996
0.9999999999999993
1.0000000000000002
0.9999999999999999
0.9999999999999993
0.9999999999999992
1.0000000000000007
1.0000000000000004
1.0
0.9999999999999996
1.0000000000000007
1.0000000000000004
1.0000000000000002
0.9999999999999998
1.000000000000001
1.0000000000000013
1.0000000000000007
1.0000000000000002
1.0000000000000007
1.0000000000000009
1.0000000000000004
1.0
1.0000000000000013
1.0000000000000016
1.0000000000000009
1.0
1.0000000000000004
1.0
0.9999999999999997
0.9999999999999996
1.0000000000000009
1.0000000000000009
1.0000000000000004
1.0
1.0000000000000007
1.0000000000000004
0.9999999999999999
0.9999999999999996
1.0000000000000013
1.000000000000001
1.0000000000000004
1.0000000000000002
1.0000000000000013
1.0000000000000009
1.0000000000000009
1.0000000000000002
1.000000000000002
1.0000000000000016
1.000000000000001
1.0000000000000009
1.0000000000000016
1.000000000000001
1.0000000000000009
1.0000000000000009
1.000000000000002
1.000000000000002
1.0000000000000016
1.0000000000000009
1.0
0.9999999999999997
0.9999999999999993
0.9999999999999989
1.0000000000000002
1.0000000000000004
0.9999999999999996
0.9999999999999994
1.0
0.9999999999999999
0.9999999999999993
0.9999999999999991
1.0000000000000007
1.0000000000000004
1.0
0.9999999999999996
1.0000000000000009
1.0000000000000007
1.0000000000000002
0.9999999999999996
1.0000000000000009
1.0000000000000013
1.0000000000000007
1.0
1.0000000000000009
1.0000000000000007
1.0000000000000004
0.9999999999999999
1.000000000000001
1.0000000000000016
1.0000000000000009
1.0000000000000002
1.0
0.9999999999999997
0.9999999999999992
0.9999999999999991
1.0000000000000007
1.0000000000000004
0.9999999999999999
0.9999999999999996
1.0000000000000002
1.0
0.9999999999999996
0.9999999999999991
1.0000000000000009
1.0000000000000007
1.0000000000000002
0.9999999999999998
1.0000000000000009
1.0000000000000004
1.0000000000000002
0.9999999999999999
1.0000000000000013
1.0000000000000013
1.0000000000000007
1.0000000000000004
1.000000000000001
1.000000000000001
1.0000000000000004
1.0000000000000002
1.0000000000000016
1.0000000000000016
1.000000000000001
1.0000000000000007
0.9999999999999993
0.9999999999999991
0.9999999999999987
0.9999999999999987
1.0
1.0
0.9999999999999991
0.9999999999999989
0.9999999999999998
0.9999999999999993
0.9999999999999989
0.9999999999999987
1.0000000000000002
1.0
0.9999999999999997
0.999999999999999
1.0000000000000002
1.0
0.9999999999999998
0.9999999999999993
1.0000000000000007
1.0000000000000009
1.0000000000000002
0.9999999999999998
1.0000000000000004
1.0000000000000002
0.9999999999999999
0.9999999999999996
1.0000000000000009
1.0000000000000009
1.0000000000000004
0.9999999999999998
1.0
0.9999999999999998
0.9999999999999991
0.9999999999999991
1.0000000000000004
1.0000000000000004
1.0
0.9999999999999996
1.0000000000000004
1.0
0.9999999999999994
0.9999999999999991
1.0000000000000009
1.0000000000000007
1.0
0.9999999999999997
1.0000000000000009
1.0000000000000004
1.0000000000000004
0.9999999999999999
1.0000000000000016
1.0000000000000013
1.0000000000000007
1.0000000000000004
1.0000000000000009
1.0000000000000009
1.0000000000000007
1.0000000000000002
1.0000000000000016
1.0000000000000013
1.000000000000001
1.0000000000000004
0.9999999999999996
0.9999999999999992
0.9999999999999989
0.9999999999999986
0.9999999999999999
0.9999999999999999
0.9999999999999991
0.999999999999999
0.9999999999999997
0.9999999999999994
0.9999999999999989
0.9999999999999986
1.0000000000000002
1.0
0.9999999999999996
0.9999999999999991
1.0000000000000004
1.0000000000000002
0.9999999999999998
0.9999999999999992
1.0000000000000007
1.0000000000000009
1.0
0.9999999999999997
1.0000000000000004
1.0000000000000002
1.0
0.9999999999999996
1.0000000000000007
1.000000000000001
1.0000000000000004
0.9999999999999997
1.0000000000000004
1.0000000000000002
0.9999999999999997
0.9999999999999996
1.000000000000001
1.0000000000000009
1.0000000000000002
1.0
1.0000000000000009
1.0000000000000004
1.0
0.9999999999999997
1.0000000000000013
1.0000000000000009
1.0000000000000007
1.0000000000000002
1.0000000000000013
1.000000000000001
1.0000000000000009
1.0000000000000004
1.0000000000000018
1.000000000000002
1.0000000000000013
1.0000000000000009
1.0000000000000016
1.0000000000000016
1.0000000000000009
1.0000000000000007
1.0000000000000022
1.000000000000002
1.0000000000000016
1.0000000000000009
0.9999999999999999
0.9999999999999996
0.9999999999999991
0.9999999999999991
1.0000000000000004
1.0000000000000004
0.9999999999999996
0.9999999999999993
1.0000000000000002
0.9999999999999999
0.9999999999999993
0.9999999999999992
1.0000000000000007
1.0000000000000004
1.0
0.9999999999999996
1.0000000000000007
1.0000000000000004
1.0000000000000002
0.9999999999999998
1.000000000000001
1.0000000000000013
1.0000000000000007
1.0000000000000002
1.0000000000000007
1.0000000000000009
1.0000000000000004
1.0
1.0000000000000013
1.0000000000000016
1.0000000000000009
1.0
1.0000000000000004
1.0
0.9999999999999997
0.9999999999999996
1.0000000000000009
1.0000000000000009
1.0000000000000004
1.0
1.0000000000000007
1.0000000000000004
0.9999999999999999
0.9999999999999996
1.0000000000000013
1.000000000000001
1.0000000000000004
1.0000000000000002
1.0000000000000013
1.0000000000000009
1.0000000000000009
1.0000000000000002
1.000000000000002
1.0000000000000016
1.000000000000001
1.0000000000000009
1.0000000000000016
1.000000000000001
1.0000000000000009
1.0000000000000009
1.000000000000002
1.000000000000002
1.0000000000000016
1.0000000000000009
1.0
0.9999999999999997
0.9999999999999993
0.9999999999999989
1.0000000000000002
1.0000000000000004
0.9999999999999996
0.9999999999999994
1.0
0.9999999999999999
0.9999999999999993
0.9999999999999991
1.0000000000000007
1.0000000000000004
1.0
0.9999999999999996
1.0000000000000009
1.0000000000000007
1.0000000000000002
0.9999999999999996
1.0000000000000009
1.0000000000000013
1.0000000000000007
1.0
1.0000000000000009
1.0000000000000007
1.0000000000000004
0.9999999999999999
1.000000000000001
1.0000000000000016
1.0000000000000009
1.0000000000000002

PSD Data for Signal 3 with pulse index = 500 

1
0.9999999999999641
0.9999999999999784
0.9999999999999425
1.0000000000000062
0.9999999999999704
0.9999999999999846
0.9999999999999487
1.000000000000001
0.9999999999999654
0.9999999999999796
0.9999999999999437
1.0000000000000073
0.9999999999999712
0.9999999999999856
0.9999999999999499
1.0000000000000016
0.9999999999999658
0.99999999999998
0.9999999999999442
1.0000000000000075
0.9999999999999719
0.9999999999999862
0.9999999999999503
1.0000000000000027
0.9999999999999671
0.9999999999999812
0.9999999999999455
1.0000000000000089
0.9999999999999728
0.999999999999987
0.9999999999999516
0.9999999999999998
0.999999999999964
0.9999999999999784
0.9999999999999423
1.000000000000006
0.99999999999997
0.9999999999999845
0.9999999999999486
1.000000000000001
0.9999999999999653
0.9999999999999793
0.9999999999999437
1.0000000000000069
0.9999999999999711
0.9999999999999856
0.99999999999995
1.0000000000000013
0.9999999999999656
0.9999999999999799
0.9999999999999438
1.0000000000000073
0.9999999999999716
0.999999999999986
0.9999999999999503
1.0000000000000027
0.9999999999999667
0.9999999999999809
0.9999999999999454
1.0000000000000087
0.9999999999999727
0.9999999999999868
0.9999999999999514
1.0
0.9999999999999641
0.9999999999999784
0.9999999999999425
1.0000000000000062
0.9999999999999702
0.9999999999999845
0.9999999999999486
1.0000000000000013
0.9999999999999654
0.9999999999999796
0.9999999999999438
1.000000000000007
0.9999999999999711
0.9999999999999856
0.99999999999995
1.0000000000000018
0.9999999999999658
0.99999999999998
0.9999999999999442
1.0000000000000078
0.9999999999999719
0.9999999999999862
0.9999999999999502
1.0000000000000027
0.999999999999967
0.9999999999999811
0.9999999999999454
1.0000000000000087
0.9999999999999729
0.9999999999999871
0.9999999999999517
0.9999999999999999
0.9999999999999639
0.9999999999999782
0.9999999999999422
1.0000000000000062
0.99999999999997
0.9999999999999845
0.9999999999999486
1.000000000000001
0.9999999999999653
0.9999999999999793
0.9999999999999437
1.0000000000000069
0.999999999999971
0.9999999999999855
0.9999999999999499
1.0000000000000013
0.9999999999999654
0.99999999999998
0.999999999999944
1.0000000000000073
0.9999999999999716
0.999999999999986
0.9999999999999502
1.0000000000000027
0.9999999999999668
0.999999999999981
0.9999999999999454
1.0000000000000087
0.9999999999999728
0.9999999999999869
0.9999999999999514
1.0
0.9999999999999641
0.9999999999999784
0.9999999999999425
1.0000000000000062
0.9999999999999704
0.9999999999999846
0.9999999999999487
1.000000000000001
0.9999999999999654
0.9999999999999796
0.9999999999999437
1.0000000000000073
0.9999999999999712
0.9999999999999856
0.9999999999999499
1.0000000000000016
0.9999999999999658
0.99999999999998
0.9999999999999442
1.0000000000000075
0.9999999999999719
0.9999999999999862
0.9999999999999503
1.0000000000000027
0.9999999999999671
0.9999999999999812
0.9999999999999455
1.0000000000000089
0.9999999999999728
0.999999999999987
0.9999999999999516
0.9999999999999998
0.999999999999964
0.9999999999999784
0.9999999999999423
1.000000000000006
0.99999999999997
0.9999999999999845
0.9999999999999486
1.000000000000001
0.9999999999999653
0.9999999999999793
0.9999999999999437
1.0000000000000069
0.9999999999999711
0.9999999999999856
0.99999999999995
1.0000000000000013
0.9999999999999656
0.9999999999999799
0.9999999999999438
1.0000000000000073
0.9999999999999716
0.999999999999986
0.9999999999999503
1.0000000000000027
0.9999999999999667
0.9999999999999809
0.9999999999999454
1.0000000000000087
0.9999999999999727
0.9999999999999868
0.9999999999999514
1.0
0.9999999999999641
0.9999999999999784
0.9999999999999425
1.0000000000000062
0.9999999999999702
0.9999999999999845
0.9999999999999486
1.0000000000000013
0.9999999999999654
0.9999999999999796
0.9999999999999438
1.000000000000007
0.9999999999999711
0.9999999999999856
0.99999999999995
1.0000000000000018
0.9999999999999658
0.99999999999998
0.9999999999999442
1.0000000000000078
0.9999999999999719
0.9999999999999862
0.9999999999999502
1.0000000000000027
0.999999999999967
0.9999999999999811
0.9999999999999454
1.0000000000000087
0.9999999999999729
0.9999999999999871
0.9999999999999517
0.9999999999999999
0.9999999999999639
0.9999999999999782
0.9999999999999422
1.0000000000000062
0.99999999999997
0.9999999999999845
0.9999999999999486
1.000000000000001
0.9999999999999653
0.9999999999999793
0.9999999999999437
1.0000000000000069
0.999999999999971
0.9999999999999855
0.9999999999999499
1.0000000000000013
0.9999999999999654
0.99999999999998
0.999999999999944
1.0000000000000073
0.9999999999999716
0.999999999999986
0.9999999999999502
1.0000000000000027
0.9999999999999668
0.999999999999981
0.9999999999999454
1.0000000000000087
0.9999999999999728
0.9999999999999869
0.9999999999999514
1.0
0.9999999999999641
0.9999999999999784
0.9999999999999425
1.0000000000000062
0.9999999999999704
0.9999999999999846
0.9999999999999487
1.000000000000001
0.9999999999999654
0.9999999999999796
0.9999999999999437
1.0000000000000073
0.9999999999999712
0.9999999999999856
0.9999999999999499
1.0000000000000016
0.9999999999999658
0.99999999999998
0.9999999999999442
1.0000000000000075
0.9999999999999719
0.9999999999999862
0.9999999999999503
1.0000000000000027
0.9999999999999671
0.9999999999999812
0.9999999999999455
1.0000000000000089
0.9999999999999728
0.999999999999987
0.9999999999999516
0.9999999999999998
0.999999999999964
0.9999999999999784
0.9999999999999423
1.000000000000006
0.99999999999997
0.9999999999999845
0.9999999999999486
1.000000000000001
0.9999999999999653
0.9999999999999793
0.9999999999999437
1.0000000000000069
0.9999999999999711
0.9999999999999856
0.99999999999995
1.0000000000000013
0.9999999999999656
0.9999999999999799
0.9999999999999438
1.0000000000000073
0.9999999999999716
0.999999999999986
0.9999999999999503
1.0000000000000027
0.9999999999999667
0.9999999999999809
0.9999999999999454
1.0000000000000087
0.9999999999999727
0.9999999999999868
0.9999999999999514
1.0
0.9999999999999641
0.9999999999999784
0.9999999999999425
1.0000000000000062
0.9999999999999702
0.9999999999999845
0.9999999999999486
1.0000000000000013
0.9999999999999654
0.9999999999999796
0.9999999999999438
1.000000000000007
0.9999999999999711
0.9999999999999856
0.99999999999995
1.0000000000000018
0.9999999999999658
0.99999999999998
0.9999999999999442
1.0000000000000078
0.9999999999999719
0.9999999999999862
0.9999999999999502
1.0000000000000027
0.999999999999967
0.9999999999999811
0.9999999999999454
1.0000000000000087
0.9999999999999729
0.9999999999999871
0.9999999999999517
0.9999999999999999
0.9999999999999639
0.9999999999999782
0.9999999999999422
1.0000000000000062
0.99999999999997
0.9999999999999845
0.9999999999999486
1.000000000000001
0.9999999999999653
0.9999999999999793
0.9999999999999437
1.0000000000000069
0.999999999999971
0.9999999999999855
0.9999999999999499
1.0000000000000013
0.9999999999999654
0.99999999999998
0.999999999999944
1.0000000000000073
0.9999999999999716
0.999999999999986
0.9999999999999502
1.0000000000000027
0.9999999999999668
0.999999999999981
0.9999999999999454
1.0000000000000087
0.9999999999999728
0.9999999999999869
0.9999999999999514
1.0
0.9999999999999641
0.9999999999999784
0.9999999999999425
1.0000000000000062
0.9999999999999704
0.9999999999999846
0.9999999999999487
1.000000000000001
0.9999999999999654
0.9999999999999796
0.9999999999999437
1.0000000000000073
0.9999999999999712
0.9999999999999856
0.9999999999999499
1.0000000000000016
0.9999999999999658
0.99999999999998
0.9999999999999442
1.0000000000000075
0.9999999999999719
0.9999999999999862
0.9999999999999503
1.0000000000000027
0.9999999999999671
0.9999999999999812
0.9999999999999455
1.0000000000000089
0.9999999999999728
0.999999999999987
0.9999999999999516
0.9999999999999998
0.999999999999964
0.9999999999999784
0.9999999999999423
1.000000000000006
0.99999999999997
0.9999999999999845
0.9999999999999486
1.000000000000001
0.9999999999999653
0.9999999999999793
0.9999999999999437
1.0000000000000069
0.9999999999999711
0.9999999999999856
0.99999999999995
1.0000000000000013
0.9999999999999656
0.9999999999999799
0.9999999999999438
1.0000000000000073
0.9999999999999716
0.999999999999986
0.9999999999999503
1.0000000000000027
0.9999999999999667
0.9999999999999809
0.9999999999999454
1.0000000000000087
0.9999999999999727
0.9999999999999868
0.9999999999999514
1.0
0.9999999999999641
0.9999999999999784
0.9999999999999425
1.0000000000000062
0.9999999999999702
0.9999999999999845
0.9999999999999486
1.0000000000000013
0.9999999999999654
0.9999999999999796
0.9999999999999438
1.000000000000007
0.9999999999999711
0.9999999999999856
0.99999999999995
1.0000000000000018
0.9999999999999658
0.99999999999998
0.9999999999999442
1.0000000000000078
0.9999999999999719
0.9999999999999862
0.9999999999999502
1.0000000000000027
0.999999999999967
0.9999999999999811
0.9999999999999454
1.0000000000000087
0.9999999999999729
0.9999999999999871
0.9999999999999517
0.9999999999999999
0.9999999999999639
0.9999999999999782
0.9999999999999422
1.0000000000000062
0.99999999999997
0.9999999999999845
0.9999999999999486
1.000000000000001
0.9999999999999653
0.9999999999999793
0.9999999999999437
1.0000000000000069
0.999999999999971
0.9999999999999855
0.9999999999999499
1.0000000000000013
0.9999999999999654
0.99999999999998
0.999999999999944
1.0000000000000073
0.9999999999999716
0.999999999999986
0.9999999999999502
1.0000000000000027
0.9999999999999668
0.999999999999981
0.9999999999999454
1.0000000000000087
0.9999999999999728
0.9999999999999869
0.9999999999999514
1
0.9999999999999641
0.9999999999999784
0.9999999999999425
1.0000000000000062
0.9999999999999704
0.9999999999999846
0.9999999999999487
1.000000000000001
0.9999999999999654
0.9999999999999796
0.9999999999999437
1.0000000000000073
0.9999999999999712
0.9999999999999856
0.9999999999999499
1.0000000000000016
0.9999999999999658
0.99999999999998
0.9999999999999442
1.0000000000000075
0.9999999999999719
0.9999999999999862
0.9999999999999503
1.0000000000000027
0.9999999999999671
0.9999999999999812
0.9999999999999455
1.0000000000000089
0.9999999999999728
0.999999999999987
0.9999999999999516
0.9999999999999998
0.999999999999964
0.9999999999999784
0.9999999999999423
1.000000000000006
0.99999999999997
0.9999999999999845
0.9999999999999486
1.000000000000001
0.9999999999999653
0.9999999999999793
0.9999999999999437
1.0000000000000069
0.9999999999999711
0.9999999999999856
0.99999999999995
1.0000000000000013
0.9999999999999656
0.9999999999999799
0.9999999999999438
1.0000000000000073
0.9999999999999716
0.999999999999986
0.9999999999999503
1.0000000000000027
0.9999999999999667
0.9999999999999809
0.9999999999999454
1.0000000000000087
0.9999999999999727
0.9999999999999868
0.9999999999999514
1.0
0.9999999999999641
0.9999999999999784
0.9999999999999425
1.0000000000000062
0.9999999999999702
0.9999999999999845
0.9999999999999486
1.0000000000000013
0.9999999999999654
0.9999999999999796
0.9999999999999438
1.000000000000007
0.9999999999999711
0.9999999999999856
0.99999999999995
1.0000000000000018
0.9999999999999658
0.99999999999998
0.9999999999999442
1.0000000000000078
0.9999999999999719
0.9999999999999862
0.9999999999999502
1.0000000000000027
0.999999999999967
0.9999999999999811
0.9999999999999454
1.0000000000000087
0.9999999999999729
0.9999999999999871
0.9999999999999517
0.9999999999999999
0.9999999999999639
0.9999999999999782
0.9999999999999422
1.0000000000000062
0.99999999999997
0.9999999999999845
0.9999999999999486
1.000000000000001
0.9999999999999653
0.9999999999999793
0.9999999999999437
1.0000000000000069
0.999999999999971
0.9999999999999855
0.9999999999999499
1.0000000000000013
0.9999999999999654
0.99999999999998
0.999999999999944
1.0000000000000073
0.9999999999999716
0.999999999999986
0.9999999999999502
1.0000000000000027
0.9999999999999668
0.999999999999981
0.9999999999999454
1.0000000000000087
0.9999999999999728
0.9999999999999869
0.9999999999999514
1.0
0.9999999999999641
0.9999999999999784
0.9999999999999425
1.0000000000000062
0.9999999999999704
0.9999999999999846
0.9999999999999487
1.000000000000001
0.9999999999999654
0.9999999999999796
0.9999999999999437
1.0000000000000073
0.9999999999999712
0.9999999999999856
0.9999999999999499
1.0000000000000016
0.9999999999999658
0.99999999999998
0.9999999999999442
1.0000000000000075
0.9999999999999719
0.9999999999999862
0.9999999999999503
1.0000000000000027
0.9999999999999671
0.9999999999999812
0.9999999999999455
1.0000000000000089
0.9999999999999728
0.999999999999987
0.9999999999999516
0.9999999999999998
0.999999999999964
0.9999999999999784
0.9999999999999423
1.000000000000006
0.99999999999997
0.9999999999999845
0.9999999999999486
1.000000000000001
0.9999999999999653
0.9999999999999793
0.9999999999999437
1.0000000000000069
0.9999999999999711
0.9999999999999856
0.99999999999995
1.0000000000000013
0.9999999999999656
0.9999999999999799
0.9999999999999438
1.0000000000000073
0.9999999999999716
0.999999999999986
0.9999999999999503
1.0000000000000027
0.9999999999999667
0.9999999999999809
0.9999999999999454
1.0000000000000087
0.9999999999999727
0.9999999999999868
0.9999999999999514
1.0
0.9999999999999641
0.9999999999999784
0.9999999999999425
1.0000000000000062
0.9999999999999702
0.9999999999999845
0.9999999999999486
1.0000000000000013
0.9999999999999654
0.9999999999999796
0.9999999999999438
1.000000000000007
0.9999999999999711
0.9999999999999856
0.99999999999995
1.0000000000000018
0.9999999999999658
0.99999999999998
0.9999999999999442
1.0000000000000078
0.9999999999999719
0.9999999999999862
0.9999999999999502
1.0000000000000027
0.999999999999967
0.9999999999999811
0.9999999999999454
1.0000000000000087
0.9999999999999729
0.9999999999999871
0.9999999999999517
0.9999999999999999
0.9999999999999639
0.9999999999999782
0.9999999999999422
1.0000000000000062
0.99999999999997
0.9999999999999845
0.9999999999999486
1.000000000000001
0.9999999999999653
0.9999999999999793
0.9999999999999437
1.0000000000000069
0.999999999999971
0.9999999999999855
0.9999999999999499
1.0000000000000013
0.9999999999999654
0.99999999999998
0.999999999999944
1.0000000000000073
0.9999999999999716
0.999999999999986
0.9999999999999502
1.0000000000000027
0.9999999999999668
0.999999999999981
0.9999999999999454
1.0000000000000087
0.9999999999999728
0.9999999999999869
0.9999999999999514
1.0
0.9999999999999641
0.9999999999999784
0.9999999999999425
1.0000000000000062
0.9999999999999704
0.9999999999999846
0.9999999999999487
1.000000000000001
0.9999999999999654
0.9999999999999796
0.9999999999999437
1.0000000000000073
0.9999999999999712
0.9999999999999856
0.9999999999999499
1.0000000000000016
0.9999999999999658
0.99999999999998
0.9999999999999442
1.0000000000000075
0.9999999999999719
0.9999999999999862
0.9999999999999503
1.0000000000000027
0.9999999999999671
0.9999999999999812
0.9999999999999455
1.0000000000000089
0.9999999999999728
0.999999999999987
0.9999999999999516
0.9999999999999998
0.999999999999964
0.9999999999999784
0.9999999999999423
1.000000000000006
0.99999999999997
0.9999999999999845
0.9999999999999486
1.000000000000001
0.9999999999999653
0.9999999999999793
0.9999999999999437
1.0000000000000069
0.9999999999999711
0.9999999999999856
0.99999999999995
1.0000000000000013
0.9999999999999656
0.9999999999999799
0.9999999999999438
1.0000000000000073
0.9999999999999716
0.999999999999986
0.9999999999999503
1.0000000000000027
0.9999999999999667
0.9999999999999809
0.9999999999999454
1.0000000000000087
0.9999999999999727
0.9999999999999868
0.9999999999999514
1.0
0.9999999999999641
0.9999999999999784
0.9999999999999425
1.0000000000000062
0.9999999999999702
0.9999999999999845
0.9999999999999486
1.0000000000000013
0.9999999999999654
0.9999999999999796
0.9999999999999438
1.000000000000007
0.9999999999999711
0.9999999999999856
0.99999999999995
1.0000000000000018
0.9999999999999658
0.99999999999998
0.9999999999999442
1.0000000000000078
0.9999999999999719
0.9999999999999862
0.9999999999999502
1.0000000000000027
0.999999999999967
0.9999999999999811
0.9999999999999454
1.0000000000000087
0.9999999999999729
0.9999999999999871
0.9999999999999517
0.9999999999999999
0.9999999999999639
0.9999999999999782
0.9999999999999422
1.0000000000000062
0.99999999999997
0.9999999999999845
0.9999999999999486
1.000000000000001
0.9999999999999653
0.9999999999999793
0.9999999999999437
1.0000000000000069
0.999999999999971
0.9999999999999855
0.9999999999999499
1.0000000000000013
0.9999999999999654
0.99999999999998
0.999999999999944
1.0000000000000073
0.9999999999999716
0.999999999999986
0.9999999999999502
1.0000000000000027
0.9999999999999668
0.999999999999981
0.9999999999999454
1.0000000000000087
0.9999999999999728
0.9999999999999869
0.9999999999999514
1.0
0.9999999999999641
0.9999999999999784
0.9999999999999425
1.0000000000000062
0.9999999999999704
0.9999999999999846
0.9999999999999487
1.000000000000001
0.9999999999999654
0.9999999999999796
0.9999999999999437
1.0000000000000073
0.9999999999999712
0.9999999999999856
0.9999999999999499
1.0000000000000016
0.9999999999999658
0.99999999999998
0.9999999999999442
1.0000000000000075
0.9999999999999719
0.9999999999999862
0.9999999999999503
1.0000000000000027
0.9999999999999671
0.9999999999999812
0.9999999999999455
1.0000000000000089
0.9999999999999728
0.999999999999987
0.9999999999999516
0.9999999999999998
0.999999999999964
0.9999999999999784
0.9999999999999423
1.000000000000006
0.99999999999997
0.9999999999999845
0.9999999999999486
1.000000000000001
0.9999999999999653
0.9999999999999793
0.9999999999999437
1.0000000000000069
0.9999999999999711
0.9999999999999856
0.99999999999995
1.0000000000000013
0.9999999999999656
0.9999999999999799
0.9999999999999438
1.0000000000000073
0.9999999999999716
0.999999999999986
0.9999999999999503
1.0000000000000027
0.9999999999999667
0.9999999999999809
0.9999999999999454
1.0000000000000087
0.9999999999999727
0.9999999999999868
0.9999999999999514
1.0
0.9999999999999641
0.9999999999999784
0.9999999999999425
1.0000000000000062
0.9999999999999702
0.9999999999999845
0.9999999999999486
1.0000000000000013
0.9999999999999654
0.9999999999999796
0.9999999999999438
1.000000000000007
0.9999999999999711
0.9999999999999856
0.99999999999995
1.0000000000000018
0.9999999999999658
0.99999999999998
0.9999999999999442
1.0000000000000078
0.9999999999999719
0.9999999999999862
0.9999999999999502
1.0000000000000027
0.999999999999967
0.9999999999999811
0.9999999999999454
1.0000000000000087
0.9999999999999729
0.9999999999999871
0.9999999999999517
0.9999999999999999
0.9999999999999639
0.9999999999999782
0.9999999999999422
1.0000000000000062
0.99999999999997
0.9999999999999845
0.9999999999999486
1.000000000000001
0.9999999999999653
0.9999999999999793
0.9999999999999437
1.0000000000000069
0.999999999999971
0.9999999999999855
0.9999999999999499
1.0000000000000013
0.9999999999999654
0.99999999999998
0.999999999999944
1.0000000000000073
0.9999999999999716
0.999999999999986
0.9999999999999502
1.0000000000000027
0.9999999999999668
0.999999999999981
0.9999999999999454
1.0000000000000087
0.9999999999999728
0.9999999999999869
0.9999999999999514
