pulse
0
0.005010051
0.010814266
0.016889136
0.022535117
0.026923545
0.029173053
0.028452273
0.024101135
0.015758615
0.003481027
-0.012167385
-0.030070106
-0.048576542
-0.06559396
-0.078756732
-0.085666593
-0.084186734
-0.072761813
-0.050726974
-0.018563368
0.021943191
0.06767886
0.114341108
0.156751442
0.189331246
0.206707304
0.204391174
0.179458055
0.131139346
0.061241237
-0.02568876
-0.122504235
-0.219936508
-0.307391462
-0.374009987
-0.409894822
-0.407373522
-0.362147164
-0.274171377
-0.148132654
0.006581313
0.176466077
0.34502447
0.494346728
0.606999233
0.66802323
0.666814537
0.598651202
0.465660998
0.277073519
0.048677677
-0.198503558
-0.440213955
-0.651445374
-0.809136046
-0.894782542
-0.896657892
-0.81136178
-0.64449709
-0.410363402
-0.130670982
0.167605053
0.455005919
0.702701146
0.88558192
0.984983017
0.990719701
0.902203385
0.728506198
0.487366909
0.203253983
-0.095289508
-0.3787129
-0.619586598
-0.795440278
-0.890998674
-0.899579311
-0.823519058
-0.673611883
-0.467654328
-0.228294095
0.019550574
0.25139527
0.445711794
0.585998494
0.6621941
0.671316663
0.617304327
0.510126795
0.3643147
0.197110054
0.026469379
-0.130849531
-0.260913723
-0.353799592
-0.404244215
-0.411740196
-0.380115617
-0.316694869
-0.231174109
-0.134363827
-0.036950262
0.051590892
0.123826781
0.174884008
0.202630547
0.207543822
0.19231854
0.161290475
0.11976328
0.07332495
0.027230074
-0.014093789
-0.047379401
-0.07067981
-0.08336334
-0.085969302
-0.079961848
-0.067425063
-0.050742175
-0.032296678
-0.014224488
0.001764363
0.014486936
0.023313958
0.028132203
0.029258491
0.027323722
0.023145371
0.017604683
0.011541246
0.005673165
0.000546574
-0.003485861
-0.006260997
-0.007781565
-0.008179588
-0.007673706
-0.006526464
-0.005006358
-0.003357797
-0.001780577
-0.000418997
0.00064039
received signal (including noise and the embedded pulse)
0.069
0.095
-0.752
-0.964
-0.619
0.856
0.558
-0.856
0.529
0.085
-0.293
0.317
0.324
0.257
0.687
0.679
0.421
-0.065
0.6
-0.056
-0.854
-0.033
-0.824
-0.239
0.34
0.83
-0.633
0.243
0.152
-0.063
-0.909
-0.845
0.984
-0.793
-0.623
-0.295
-0.812
0.905
0.566
0.74
-0.366
-0.429
0.73
-0.972
0
-0.083
0.36
-0.281
-0.723
0.676
0.288
0.506
-0.356
-0.852
-0.149
-0.048
0.505
-0.446
0.035
0.678
-0.352
0.046
0.524
-0.891
0.327
0.727
-0.943
-0.458
0.571
-0.22
0.734
0.196
-0.09
-0.476
-0.384
0.192
-0.672
-0.272
0.803
-0.112
0.883
-0.621
0.67
-0.24
0.636
-0.767
-0.744
-0.353
0.845
0.625
0.527
0.374
-0.563
-0.888
0.88
0.231
0.195
-0.754
-0.174
0.934
-0.211
0.095
0.321
-0.273
-0.876
-0.735
0.979
0.964
0.274
-0.712
0.379
0.765
-0.83
0.499
0.728
0.755
-0.402
0.097
0.746
0.652
-0.853
0.772
-0.201
-0.312
0.028
-0.782
0.438
-0.041
0.943
-0.083
0.438
-0.214
-0.033
0.327
-0.14
0.033
0.37
-0.881
0.135
-0.126
0.447
0.088
0.204
0.239
-0.396
-0.302
-0.2
0.967
0.992
0.618
-0.212
-0.573
-0.211
-0.743
0.092
-0.68
0.773
0.549
0.21
-0.897
0.16
-0.979
-0.76
0.674
-0.909
-0.746
-0.361
-0.499
-0.822
-0.408
0.988
0.207
0.324
-0.957
-0.165
0.374
-0.171
-0.225
-0.193
-0.761
-0.064
0.227
-0.271
-0.243
0.805
0.234
-0.93
0.87
-0.043
0.52
0.675
0.333
0.411
-0.672
0.527
0.153
0.395
0.353
-0.631
-0.354
-0.158
0.063
0.672
0.054
0.925
-0.962
-0.168
-0.549
0.15
-0.272
-0.378
0.533
0.331
-0.78
0.356
-0.873
0.81
-0.655
-0.732
0.067
-0.419
-0.36
0.427
0.447
-0.063
0.35
-0.906
0.633
-0.001
0.38
-0.325
0.387
0.183
-0.687
-0.084
-0.944
-0.974
0.867
-0.991
0.619
0.979
-0.015
0.509
0.059
-0.724
-1
0.169
0.246
-0.451
-0.092
0.355
0.504
0.162
0.285
-0.564
0.935
0.317
0.508
-0.016
-0.52
0.392
0.92
-0.043
-0.853
-0.298
0.031
0.762
-0.525
0.513
-0.255
-0.865
0.022
0.932
-0.397
0.772
-0.414
-0.171
0.169
-0.385
-0.489
-0.18
0.403
-0.969
0.925
-0.862
0.176
0.354
0.182
-0.755
-0.659
-0.258
-0.553
0.901
0.386
0.907
-0.642
-0.783
0.648
0.236
-0.145
0.512
-0.758
0.514
-0.585
-0.495
0.121
-0.325
-0.277
0.23
0.689
-0.3
-0.813
-0.803
-0.439
0.954
0.493
0.538
-0.948
0.211
0.478
-0.641
0.322
-0.765
-0.043
-0.907
0.411
-0.791
-0.387
0.723
0.22
0.798
-0.07
-0.259
0.146
-0.687
0.905
-0.467
-0.109
0.765
-0.735
0.227
0.967
-0.66
0.62
-0.134
0.405
0.399
-0.237
-0.573
-0.577
-0.739
-0.165
-0.345
0.268
0.963
-0.916
0.376
0.909
0.433
-0.015
-1
-0.966
0.805
-0.006
-0.757
0.59
-0.891
-0.905
-0.6
-0.647
0.301
0.942
-0.046
0.973
-0.931
0.316
0.485
0.762
0.05
0.36
-0.769
0.685
0.732
0.579
0.247
0.723
0.964
0.934
-0.268
-0.008
-0.629
0.865
-0.952
-0.619
0.59
0.772
0.333
0.607
-0.985
0.882
-0.347
-0.976
0.22
-0.165
0.209
-0.587
0.675
-0.986
0.945
0.371
0.405
0.169
0.369
-0.851
0.859
0.85
0.435
0.21
0.462
0.96
0.734
0.878
0.185
0.873
0.889
0.52
0.969
-0.524
0.765
0.75
-0.876
0.199
-0.009
-0.118
0.584
-0.379
0.307
-0.792
0.147
-0.564
0.811
0.161
0.163
0.088
-0.863
-0.27
0.595
0.099
-0.068
-0.461
-0.54
0.288
0.464
0.034
0.599
-0.517
0.702
0.244
0.062
-0.242
0.918
0.091
-0.874
-0.484
-0.177
0.379
0.379
0.751
-0.707
0.636
-0.458
0.599
-0.544
-0.642
0.335
-0.897
0.932
-0.525
0.833
-0.224
0.936
-0.547
0.298
-0.035
0.083
-0.114
0.266
0.551
0.155
-0.584
-0.873
-0.819
0.586
-0.595
0.542
-0.533
0.077
-0.23
-0.082
0.567
-0.237
-0.284
0.713
-0.859
-0.136
-0.519
0.639
0.624
0.291
-0.284
-0.045
0.454
-0.229
0.795
-0.272
0.484
0.565
-0.273
-0.962
0.981
0.407
-0.281
-0.262
0.392
-0.498
-0.703
-0.692
-0.376
-0.409
0.006
-0.967
0.46
-0.992
0.783
-0.781
-0.965
-0.623
-0.906
0.788
0.123
0.02
-0.357
-0.764
-0.552
0.179
0.723
-0.805
-0.855
-0.852
0.402
-0.922
-0.822
-0.57
-0.95
0.452
-0.814
-0.656
-0.629
0.266
0.743
0.024
0.646
0.697
-0.773
-0.942
0.505
0.589
-0.748
0.103
0.224
-0.115
0.122
0.741
0.682
0.294
0.238
-0.58
0.883
-0.871
-0.507
-0.781
-0.793
0.455
-0.884
-0.92
-0.89
0.36
-0.046
0.374
-0.824
-0.053
-0.147
-0.67
-0.183
0.759
-0.51
-0.04
0.473
-0.865
-0.581
0.888
0.263
-0.015
-0.175
-0.059
-0.895
0.411
0.265
0.586
-0.292
-0.806
0.93
0.408
-0.44
0.488
0.476
-0.048
-0.573
-0.43
-0.859
-0.397
0.744
-0.457
-0.326
0.831
0.648
-0.478
0.284
-0.565
0.8
-0.654
0.608
-0.212
-0.751
-0.209
0.277
-0.207
0.03
0.275
0.022
0.121
-0.032
0.919
0.54
-0.365
-0.866
-0.124
-0.48
-0.693
0.337
-0.107
-0.532
0.15
-0.805
0.146
0.986
-0.110989949
0.883814266
0.547889136
-0.278464883
-0.890076455
-0.527826947
0.429452273
0.151101135
0.811758615
0.096481027
-0.061167385
0.748929894
0.575423458
-0.42159396
-0.994756732
0.871333407
0.345813266
-0.813761813
-1.019726974
-0.546563368
0.413943191
0.42867886
0.813341108
0.230751442
0.005331246
-0.747292696
0.041391174
1.001458055
0.724139346
-0.549758763
0.63831124
0.619495765
-1.209936508
0.075608538
-0.929009987
-0.966894822
-0.838373522
-0.895147164
-0.487171377
0.647867346
0.309581313
0.327466077
0.94802447
0.403346728
1.551999233
0.86702323
-0.046185463
0.058651202
1.368660998
0.018073519
-0.028322323
-0.822503558
0.098786045
-0.049445374
-1.514136046
-1.310782542
-0.566657892
-1.09136178
0.09650291
-1.204363402
0.761329018
0.350605053
0.017005919
0.920701146
1.10458192
0.312983017
0.541719701
1.307203385
0.135506198
0.639366909
-0.130746017
-0.980289508
-0.5187129
-0.557586598
-1.558440278
0.033001326
-0.050579311
-0.660519058
-1.353611883
-0.055654328
-1.013294095
-0.736449426
1.10539527
0.055711794
1.119998494
1.1041941
-0.048683337
0.267304327
-0.225873205
0.0893147
-0.496889946
0.445469379
-0.576849531
0.025086277
-0.012799592
-0.845244215
-1.229740196
-0.298115617
0.021305131
-1.056174109
0.614636173
0.391049738
0.216590892
-0.222173219
-0.119115992
0.612630547
1.093543822
0.36831854
-0.537709525
0.76776328
-0.53667505
-0.166769926
0.132906211
0.122620599
-0.08467981
0.21163666
-0.742969302
0.100038152
-0.788425063
0.153257825
0.543703322
-0.754224488
-0.117235637
0.604486936
-0.688686042
-0.276867797
0.298258491
-0.355676278
-0.178854629
0.661604683
-0.522458754
-0.700326835
-0.141453426
0.395514139
-0.372260997
-0.747781565
0.403820412
-0.717673706
0.067473536
0.309993642
-0.017357797
-0.165780577
0.175581003
-0.68135961
-0.408
0.355
-0.263
-0.628
-0.89
0.87
0.424
0.587
0.266
-0.872
0.516
0.785
-0.902
0.5
-0.353
0.313
-0.147
0.25
-0.941
0.996
-0.312
0.81
0.944
0.761
0.23
0.402
-0.69
0.656
-0.694
0.506
-0.356
-0.252
-0.335
0.923
-0.902
-0.515
-0.874
-0.263
0.246
0.278
0.752
0.369
-0.842
-0.13
0.439
-0.017
0.999
-0.807
0.031
0.449
0.016
-0.386
0.831
0.712
0.316
0.067
0.049
0.074
-0.792
0.85
0.203
-0.719
-0.734
-0.928
-0.18
-0.986
-0.863
-0.777
-0.158
0.64
-0.297
-0.797
0.567
0.982
-0.829
-0.768
-0.251
-0.414
-0.638
-0.441
-0.536
-0.665
0.291
-0.683
0.524
0.052
-0.036
0.944
-0.985
-0.518
-0.094
-0.714
-0.595
-0.364
0.429
-0.047
0.916
-0.607
0.639
0.656
0.074
0.172
-0.171
0.739
0.025
-0.228
0.459
0.056
0.715
-0.836
0.901
0.472
-0.597
-0.085
0.537
0.256
0.037
-0.637
-0.329
0.185
-0.345
-0.63
-0.76
0.747
0.214
-0.966
-0.62
-0.716
0.218
-0.471
0.56
0.667
0.476
0.994
-0.376
-0.429
0.574
0.293
-0.352
-0.933
-0.955
-0.926
-0.307
-0.298
0.176
-0.613
-0.406
-0.715
-0.356
0.468
0.864
0.556
-0.446
0.17
0.03
0.14
-0.968
-0.559
-0.906
0.011
0.216
-0.183
-0.368
0.612
0.007
-0.353
-0.969
0.346
0.582
-0.366
-0.269
-0.554
0.608
0.829
0.446
0.986
0.852
0.617
-0.933
0.061
0.721
0.049
0.61
-0.776
0.942
0.09
-0.57
-0.744
0.867
0.188
0.404
0.982
-0.423
0.964
-0.04
0.369
-0.651
-0.067
-0.973
0.375
0.442
0.524
-0.393
0.896
0.102
0.86
-0.479
0.43
-0.032
0.451
0.039
0.722
-0.786
0.737
0.441
0.762
-0.392
0.539
-0.215
0.481
-0.262
-0.647
0.83
0.974

