0
8
18
26
34
42
48
53
57
59
61
61
59
56
52
47
41
34
27
19
11
3
-5
-13
-20
-26
-31
-36
-40
-42
-44
-44
-44
-42
-40
-37
-33
-29
-24
-19
-14
-9
-4
1
5
8
11
14
15
16
16
16
14
13
12
10
8
7
4
3
1
0
0
-1
0
0
2
3
5
7
10
12
15
17
19
21
22
22
23
22
20
18
15
12
8
3
-3
-8
-14
-20
-25
-31
-36
-40
-44
-47
-49
-49
-49
-48
-45
-41
-36
-31
-24
-17
-9
0
9
17
25
33
40
47
53
57
60
62
62
61
60
56
51
45
38
30
21
12
3
-6
-15
-23
-31
-39
-45
-50
-54
-57
-59
-59
-58
-55
-51
-47
-41
-35
-28
-22
-14
-6
1
9
15
21
27
30
34
36
37
38
37
36
34
31
28
25
20
16
12
8
4
0
-3
-5
-8
-9
-10
-11
-10
-10
-9
-7
-5
-4
-2
-1
1
2
2
3
2
2
1
-1
-3
-6
-9
-12
-15
-18
-21
-23
-26
-28
-29
-29
-30
-29
-27
-24
-21
-17
-12
-6
0
6
13
19
26
32
37
43
47
50
52
53
53
52
49
46
41
34
28
20
12
3
-6
-15
-23
-32
-39
-46
-52
-57
-61
-63
-63
-63
-61
-58
-53
-47
-41
-33
-25
-16
-7
2
11
19
27
34
41
46
50
53
55
55
54
52
49
45
40
34
28
22
15
8
1
-6
-12
-17
-22
-26
-29
-31
-32
-32
-32
-31
-29
-26
-24
-21
-17
-14
-10
-7
-4
-2
1
2
3
4
5
4
4
3
1
-1
-2
-4
-5
-7
-8
-8
-8
-7
-6
-5
-3
0
3
6
10
14
18
22
25
28
31
33
35
35
35
34
32
29
25
21
15
9
2
-5
-12
-20
-27
-33
-40
-45
-50
-53
-56
-57
-58
-56
-54
-50
-45
-39
-32
-24
-16
-7
2
11
20
29
36
44
50
55
59
62
63
62
61
58
54
48
42
35
26
18
10
1
-8
-16
-24
-30
-36
-42
-46
-49
-51
-52
-51
-49
-46
-43
-38
-33
-28
-22
-16
-10
-4
2
7
12
16
20
22
24
25
25
25
24
22
20
18
15
13
10
7
5
3
1
0
-1
-2
-1
-1
0
2
4
5
7
9
10
12
13
14
13
13
12
10
7
5
1
-3
-7
-12
-16
-21
-26
-30
-34
-37
-40
-41
-42
-42
-40
-38
-35
-31
-26
-20
-13
-6
2
10
17
25
32
39
45
51
55
58
59
60
59
57
53
48
42
35
27
19
10
1
-8
-17
-26
-34
-42
-48
-53
-58
-60
-62
-62
-61
-58
-55
-49
-43
-37
-29
-21
-13
-4
3
12
19
26
31
36
40
43
45
46
45
44
42
39
34
30
26
20
15
10
4
-1
-5
-9
-12
-15
-17
-18
-19
-19
-18
-17
-16
-14
-12
-10
-8
-6
-4
-2
-1
-1
0
0
-1
-2
-4
-6
-7
-10
-12
-14
-16
-18
-19
-20
-21
-20
-19
-17
-15
-12
-8
-4
1
6
12
18
23
28
33
37
41
44
46
47
47
46
43
40
35
30
24
17
9
1
-7
-16
-24
-32
-39
-46
-51
-56
-59
-62
-63
-62
-60
-57
-52
-46
-39
-31
-23
-14
-5
4
13
22
30
37
44
50
54
57
59
60
58
56
53
48
43
36
29
22
15
7
-1
-9
-15
-22
-27
-32
-35
-38
-40
-41
-41
-39
-38
-35
-31
-28
-24
-19
-14
-10
-6
-1
2
5
8
10
12
12
13
12
11
9
8
7
5
3
2
0
-1
-2
-2
-2
-1
0
2
4
6
9
11
14
17
20
22
24
26
26
26
26
25
22
19
16
11
6
0
-5
-12
-18
-24
-30
-35
-41
-45
-48
-51
-52
-52
-51
-49
-45
-41
-35
-29
-22
-13
-5
4
13
21
30
37
45
51
55
59
62
63
63
61
58
54
48
41
34
26
17
8
-1
-10
-18
-27
-34
-41
-47
-51
-54
-56
-57
-57
-55
-51
-47
-42
-37
-31
-24
-17
-10
-2
4
11
17
22
26
30
32
34
34
34
33
32
29
26
23
19
16
12
8
5
2
-1
-3
-5
-6
-7
-7
-7
-6
-5
-4
-2
0
1
3
4
5
6
5
5
4
2
0
-3
-5
-9
-12
-16
-20
-23
-26
-29
-31
-33
-34
-33
-33
-31
-29
-25
-21
-16
-10
-4
3
10
17
24
30
37
42
47
51
54
55
56
55
52
49
45
39
32
25
16
8
-1
-10
-19
-28
-36
-43
-50
-55
-59
-62
-63
-63
-62
-60
-55
-50
-44
-37
-29
-20
-12
-3
6
14
22
30
36
42
46
49
52
53
53
51
48
45
40
35
30
23
17
11
4
-2
-8
-13
-18
-21
-25
-27
-28
-28
-28
-27
-26
-23
-22
-19
-16
-13
-10
-7
-4
-2
-1
1
2
2
2
1
0
-1
-2
-4
-6
-7
-9
-10
-11
-11
-12
-11
-9
-7
-5
-2
1
5
10
14
19
23
27
30
33
36
38
39
39
38
36
33
30
25
20
13
6
-1
-9
-17
-24
-31
-38
-44
-49
-53
-57
-59
-60
-59
-57
-54
-49
-43
-37
-29
-21
-12
-3
6
15
24
32
40
47
52
57
60
62
63
61
59
55
50
44
38
30
22
14
6
-3
-11
-19
-26
-32
-37
-42
-45
-48
-48
-48
-47
-45
-42
-38
-33
-28
-23
-17
-12
-6
-1
4
9
13
16
18
20
21
22
21
20
19
17
15
13
10
8
6
4
2
1
0
0
0
0
2
3
4
7
9
11
12
14
15
16
17
17
16
15
14
10
7
3
-1
-6
-11
-16
-21
-26
-31
-35
-39
-42
-44
-45
-45
-44
-42
-39
-35
-30
-25
-18
-11
-2
6
14
22
29
37
44
50
54
58
60
61
61
59
56
52
46
40
32
24
15
5
-3
-12
-21
-30
-37
-44
-50
-55
-58
-60
-61
-60
-58
-55
-51
-45
-39
-32
-25
-17
-9
-1
7
15
21
27
32
36
39
41
43
43
42
40
37
34
30
26
21
16
11
6
2
-2
-6
-9
-12
-14
-15
-16
-15
-15
-14
-12
-10
-9
-7
-5
-3
-2
-1
0
1
0
0
-1
-3
-5
-7
-9
-12
-15
-17
-19
-21
-23
-24
-24
-25
-23
-21
-19
-15
-12
-7
-2
4
10
16
22
28
33
37
42
46
48
49
50
49
47
44
40
34
28
22
14
5
-3
-12
-20
-29
-37
-44
-50
-55
-59
-61
-63
-63
-62
-59
-55
-49
-43
-36
-27
-19
-10
-1
9
17
25
33
40
46
51
54
57
58
58
56
53
49
44
38
32
25
18
10
3
-4
-11
-17
-23
-28
-31
-34
-36
-37
-37
-36
-35
-33
-30
-27
-23
-19
-15
-10
-7
-3
0
3
5
7
8
9
9
8
7
6
5
3
2
0
-2
-3
-4
-4
-4
-3
-2
-1
1
4
7
10
13
16
20
23
25
27
29
30
30
30
29
27
23
20
15
10
4
-3
-9
-16
-23
-29
-35
-40
-45
-49
-52
-54
-55
-54
-52
-49
-45
-40
-33
-26
-18
-9
0
9
17
25
34
42
48
54
58
61
63
63
62
60
56
51
45
38
30
21
13
4
-5
-14
-22
-30
-36
-43
-48
-51
-54
-55
-55
-54
-51
-47
-43
-38
-32
-26
-19
-13
-6
1
7
13
18
22
26
28
29
30
30
30
29
26
24
21
18
15
12
8
5
2
0
-1
-3
-4
-4
-4
-3
-3
-1
0
2
3
5
6
8
9
9
8
8
6
4
2
-1
-5
-8
-12
-17
-21
-25
-28
-31
-34
-36
-37
-37
-36
-35
-33
-29
-25
-20
-14
-7
-1
7
14
22
29
35
42
47
51
55
57
58
57
55
53
48
43
37
29
21
12
4
-6
-14
-23
-32
-40
-47
-53
-57
-61
-62
-63
-62
-60
-57
-53
-47
-40
-32
-24
-16
-8
1
10
18
25
32
37
42
46
49
50
50
49
47
44
40
35
30
25
19
13
7
1
-5
-9
-14
-17
-20
-23
-24
-24
-24
-23
-22
-21
-18
-16
-14
-11
-9
-6
-4
-2
-1
0
1
0
0
-1
-3
-4
-6
-8
-10
-11
-13
-14
-15
-15
-15
-14
-13
-10
-8
-4
0
4
9
13
18
23
28
32
35
38
41
42
43
42
40
38
34
30
24
18
11
3
-5
-13
-21
-29
-35
-42
-48
-53
-57
-60
-61
-61
-59
-56
-52
-47
-41
-33
-25
-17
-7
1
10
20
28
36
43
49
54
58
60
62
61
59
56
52
47
40
33
26
18
10
1
-6
-15
-21
-28
-33
-37
-41
-44
-45
-45
-45
-43
-41
-37
-33
-29
-24
-18
-13
-8
-3
1
6
9
12
15
16
18
18
17
16
15
13
12
10
8
6
4
2
1
0
0
0
0
1
3
5
7
9
11
13
15
17
19
20
21
21
21
19
17
14
11
7
2
-4
-9
-14
-20
-26
-31
-36
-40
-44
-46
-48
-49
-48
-46
-43
-40
-35
-29
-23
-15
-7
2
10
19
26
34
41
48
53
57
60
62
62
61
58
55
49
43
36
28
19
10
1
-7
-16
-25
-33
-41
-46
-52
-56
-58
-59
-60
-58
-55
-51
-47
-41
-34
-28
-20
-13
-5
3
10
17
23
28
32
35
38
39
39
39
37
35
32
29
25
21
16
12
8
3
0
-4
-6
-9
-10
-11
-11
-12
-11
-10
-8
-6
-5
-4
-2
-1
0
1
2
2
1
0
-1
-3
-6
-8
-11
-14
-17
-20
-22
-25
-26
-28
-28
-28
-28
-26
-23
-19
-15
-11
-5
1
7
14
20
26
32
37
43
47
50
51
52
52
51
48
44
39
33
25
19
10
1
-8
-17
-25
-33
-41
-47
-53
-58
-61
-63
-63
-63
-60
-57
-52
-46
-39
-31
-23
-14
-6
4
13
21
29
36
42
48
51
54
56
56
55
53
49
45
39
33
27
21
13
7
0
-7
-13
-19
-23
-27
-30
-32
-33
-33
-33
-32
-30
-27
-25
-21
-18
-14
-11
-7
-4
-1
1
3
4
5
6
5
5
4
2
1
-1
-2
-4
-5
-6
-7
-7
-6
-5
-4
-2
0
3
6
10
14
18
21
25
28
30
32
34
34
34
32
31
28
24
19
14
7
1
-6
-13
-20
-27
-34
-40
-45
-50
-53
-56
-57
-57
-55
-53
-49
-44
-38
-30
-22
-14
-5
4
13
21
30
38
45
51
56
60
62
63
62
61
57
53
48
41
33
25
17
8
0
-9
-17
-25
-32
-38
-43
-47
-50
-52
-53
-51
-50
-47
-43
-38
-33
-28
-21
-15
-9
-2
3
9
14
18
21
24
26
26
27
26
25
23
21
19
16
13
10
7
5
3
1
0
-1
-2
-2
-2
-1
1
2
4
6
7
9
10
11
12
12
12
10
9
6
4
0
-4
-8
-12
-17
-21
-26
-29
-33
-36
-38
-40
-41
-40
-39
-36
-33
-30
-24
-18
-12
-5
3
11
19
27
33
40
46
51
55
58
59
59
58
56
52
47
41
33
26
17
8
-1
-10
-19
-27
-36
-43
-49
-55
-58
-61
-62
-62
-61
-58
-54
-49
-43
-35
-27
-20
-12
-3
5
13
21
27
33
38
42
45
47
47
47
45
43
39
35
31
25
20
15
9
4
-1
-6
-11
-14
-17
-19
-20
-21
-21
-20
-18
-17
-15
-14
-11
-9
-7
-5
-3
-2
-1
0
0
-1
-2
-3
-5
-7
-9
-11
-13
-15
-16
-18
-19
-19
-19
-18
-16
-14
-11
-7
-3
2
7
12
18
23
28
32
37
40
43
45
46
46
44
42
38
34
29
22
15
7
-1
-9
-17
-25
-33
-40
-47
-52
-56
-59
-62
-62
-61
-59
-56
-51
-44
-38
-30
-21
-12
-3
6
15
24
32
39
46
51
55
58
60
60
59
56
53
48
42
36
29
21
13
6
-3
-10
-17
-23
-29
-33
-37
-40
-41
-42
-42
-40
-39
-35
-32
-28
-24
-19
-14
-9
-5
-1
3
6
9
11
12
13
14
13
13
11
9
8
6
5
3
1
0
-1
-1
-1
0
0
2
3
6
9
11
14
16
19
21
23
24
25
25
24
23
21
18
14
10
5
-1
-7
-12
-19
-25
-31
-36
-40
-45
-48
-50
-51
-51
-50
-47
-44
-39
-33
-26
-19
-12
-3
6
15
23
31
38
45
51
56
60
62
63
62
61
57
53
47
40
32
24
15
7
-3
-12
-20
-28
-36
-43
-48
-52
-55
-57
-58
-57
-55
-52
-47
-42
-36
-30
-23
-16
-8
-1
6
13
18
23
28
31
33
35
36
35
34
32
30
27
24
20
16
12
8
5
1
-2
-4
-6
-7
-8
-8
-8
-7
-6
-5
-3
-1
0
2
3
4
4
4
4
3
1
0
-3
-5
-9
-12
-16
-19
-22
-25
-28
-29
-31
-32
-32
-31
-30
-27
-23
-19
-14
-8
-2
4
11
18
25
31
37
42
47
51
53
55
55
54
51
48
43
37
30
23
15
6
-3
-12
-21
-29
-37
-44
-51
-56
-60
-62
-63
-63
-62
-59
-55
-49
-43
-35
-27
-19
-10
-1
8
17
24
31
38
43
48
51
53
54
53
51
49
45
40
34
29
23
16
9
3
-4
-9
-15
-19
-23
-26
-28
-29
-30
-29
-29
-27
-25
-23
-20
-17
-13
-10
-7
-4
-2
0
1
3
3
3
2
1
0
-1
-3
-4
-6
-8
-9
-10
-10
-10
-9
-8
-6
-4
-1
2
6
10
14
18
23
27
30
32
35
37
37
37
37
34
32
28
23
18
12
5
-2
-10
-18
-25
-32
-38
-44
-49
-54
-57
-59
-59
-58
-56
-52
-48
-42
-35
-27
-18
-10
-1
8
17
26
34
42
48
53
58
61
62
62
61
59
55
50
44
37
29
21
12
4
-4
-13
-21
-27
-34
-39
-43
-47
-49
-50
-49
-48
-46
-42
-38
-33
-28
-23
-17
-11
-5
1
6
10
14
17
20
22
23
23
22
21
20
18
16
14
11
9
6
4
2
1
0
0
-1
0
1
2
4
5
7
9
11
12
14
15
16
16
15
14
12
9
6
2
-1
-6
-11
-16
-21
-26
-31
-34
-38
-41
-43
-44
-44
-43
-41
-37
-34
-29
-23
-16
-8
-1
7
16
24
31
38
45
50
54
58
60
61
60
58
55
51
45
38
30
22
13
4
-5
-14
-23
-31
-39
-46
-51
-56
-59
-61
-62
-61
-58
-55
-50
-45
-38
-31
-24
-16
-7
1
8
16
23
29
34
38
41
43
44
44
43
41
38
34
30
26
21
16
11
6
1
-3
-7
-10
-13
-15
-16
-17
-17
-16
-15
-13
-12
-10
-8
-6
-5
-2
-2
-1
0
0
0
-1
-3
-5
-7
-9
-11
-14
-16
-18
-20
-21
-22
-23
-23
-22
-20
-17
-14
-10
-6
-1
5
11
17
22
28
33
38
41
45
47
48
49
48
46
42
38
33
27
19
12
3
-5
-13
-21
-30
-38
-44
-51
-56
-59
-62
-63
-62
-61
-58
-54
-48
-42
-34
-26
-17
-8
1
10
19
27
35
42
48
52
55
58
59
58
56
53
49
44
38
31
24
17
9
1
-6
-13
-19
-24
-29
-33
-35
-38
-38
-38
-38
-36
-33
-31
-27
-23
-19
-14
-10
-6
-3
1
4
6
8
9
10
10
10
9
8
6
4
3
1
0
-1
-3
-3
-3
-3
-1
-1
1
4
6
10
13
16
19
22
24
26
28
28
29
28
27
25
22
18
14
8
2
-4
-11
-17
-24
-30
-35
-40
-45
-49
-52
-53
-54
-53
-51
-48
-43
-38
-31
-24
-16
-8
1
10
19
27
35
43
49
54
59
62
63
63
62
59
55
50
44
36
28
20
11
2
-7
-16
-24
-31
-38
-44
-49
-52
-54
-56
-55
-54
-51
-48
-43
-37
-31
-25
-19
-12
-4
2
8
14
19
23
27
30
31
32
32
31
29
27
25
22
19
15
12
8
5
2
0
-2
-4
-5
-5
-5
-5
-4
-3
-1
1
2
4
5
6
7
7
7
6
5
3
1
-2
-5
-9
-13
-16
-20
-24
-27
-30
-32
-34
-35
-36
-35
-33
-32
-28
-23
-18
-13
-6
1
8
16
23
30
36
42
47
51
54
56
57
56
54
52
47
42
35
27
19
11
2
-8
-16
-25
-34
-41
-48
-53
-58
-61
-63
-63
-62
-60
-56
-51
-46
-39
-31
-23
-15
-6
3
12
20
26
33
39
44
47
50
51
51
50
48
44
40
35
30
25
18
12
6
0
-6
-11
-15
-19
-22
-24
-26
-26
-26
-25
-24
-22
-20
-17
-15
-12
-9
-7
-4
-2
-1
0
1
1
1
0
-1
-3
-5
-6
-8
-9
-11
-13
-13
-14
-13
-13
-11
-9
-6
-3
0
5
9
14
18
23
28
31
35
38
40
41
41
40
39
36
32
28
22
16
9
1
-6
-14
-22
-29
-37
-43
-49
-53
-57
-59
-60
-60
-58
-55
-51
-46
-39
-32
-23
-14
-6
3
12
21
30
38
45
51
56
59
61
62
61
59
56
52
46
39
32
24
16
8
0
-8
-16
-23
-30
-35
-39
-43
-45
-47
-47
-46
-44
-41
-37
-33
-29
-23
-18
-13
-7
-2
3
7
10
14
16
18
19
19
18
18
16
15
13
11
9
6
5
3
2
0
0
0
0
1
2
4
6
8
10
13
14
16
17
19
20
20
19
18
16
13
10
5
1
-4
-10
-15
-21
-26
-31
-35
-40
-43
-45
-47
-47
-47
-45
-42
-38
-33
-27
-21
-13
-5
3
12
20
28
35
42
48
53
57
60
62
62
60
58
54
48
42
35
26
18
9
0
-9
-18
-27
-35
-42
-48
-53
-57
-59
-60
-60
-58
-55
-51
-46
-40
-34
-27
-19
-11
-3
5
12
18
24
30
33
37
39
40
41
40
38
36
33
29
25
21
16
11
7
3
-1
-4
-7
-10
-11
-12
-13
-13
-12
-11
-10
-8
-7
-5
-3
-1
0
1
1
1
1
0
-1
-3
-5
-8
-11
-13
-17
-19
-21
-23
-25
-26
-27
-26
-26
-24
-21
-18
-14
-9
-3
2
9
15
21
27
32
38
42
46
49
51
52
51
49
46
42
37
31
24
16
8
-1
-9
-18
-26
-34
-42
-48
-54
-58
-61
-63
-63
-63
-60
-56
-51
-45
-38
-30
-21
-12
-4
5
14
23
30
38
44
49
52
55
57
56
55
53
49
44
39
33
27
20
13
5
-2
-8
-15
-20
-25
-29
-32
-33
-35
-35
-34
-33
-31
-28
-26
-22
-18
-14
-11
-7
-4
-1
2
4
5
6
7
7
6
5
4
2
1
-1
-2
-4
-5
-5
-6
-5
-4
-3
-2
1
3
6
10
14
17
21
24
26
29
31
32
32
32
31
29
26
22
18
12
6
0
-8
-14
-22
-28
-34
-40
-45
-49
-53
-55
-56
-56
-54
-51
-48
-42
-36
-29
-20
-12
-4
6
14
23
31
39
46
52
57
60
63
63
62
60
57
53
47
39
32
24
16
7
-2
-11
-20
-27
-34
-40
-45
-49
-52
-53
-53
-52
-50
-47
-43
-38
-32
-27
-21
-14
-7
-1
5
10
15
19
23
26
28
28
28
28
26
24
22
20
17
14
11
8
5
2
1
-1
-2
-2
-3
-2
-1
0
1
3
4
5
7
9
10
11
11
10
10
8
5
3
0
-4
-8
-12
-17
-21
-25
-29
-32
-35
-37
-39
-39
-39
-38
-35
-32
-28
-23
-17
-10
-3
5
13
20
27
34
41
46
51
55
58
59
59
57
55
51
45
40
32
24
15
7
-3
-12
-20
-29
-37
-44
-50
-56
-59
-62
-63
-62
-61
-58
-53
-48
-41
-34
-26
-19
-10
-2
7
15
23
29
35
40
43
46
48
48
48
46
43
39
35
31
25
20
14
8
3
-2
-7
-12
-15
-18
-20
-22
-23
-22
-21
-20
-18
-16
-14
-12
-10
-7
-5
-3
-2
-1
0
0
-1
-1
-3
-4
-6
-8
-10
-12
-13
-15
-16
-17
-18
-18
-16
-15
-12
-9
-6
-2
3
8
13
18
23
28
32
36
40
42
44
45
44
43
40
36
32
27
20
13
5
-2
-11
-19
-27
-34
-41
-47
-53
-57
-60
-61
-62
-60
-58
-54
-50
-43
-36
-28
-19
-10
-1
7
17
25
33
41
47
52
56
59
61
60
59
56
52
48
42
35
27
20
12
4
-4
-12
-19
-25
-31
-35
-39
-41
-43
-43
-43
-42
-39
-36
-32
-28
-24
-19
-14
-9
-5
0
4
7
10
13
14
15
15
15
14
12
11
10
8
6
4
2
1
0
-1
-1
0
0
2
4
5
8
10
13
16
18
20
21
22
23
24
23
22
19
16
13
8
4
-2
-8
-14
-20
-25
-31
-36
-40
-44
-47
-49
-50
-50
-49
-46
-42
-37
-32
-25
-18
-10
-1
8
16
24
32
40
46
52
57
60
62
63
62
60
56
52
46
39
31
22
13
4
-5
-13
-22
-30
-38
-44
-49
-54
-56
-58
-58
-57
-55
-52
-47
-42
-36
-29
-22
-14
-7
0
8
14
20
25
29
33
35
36
37
37
36
34
31
27
24
21
16
12
8
4
1
-2
-5
-7
-8
-9
-10
-10
-9
-7
-6
-4
-3
-1
0
2
3
3
4
3
2
1
-1
-3
-6
-9
-12
-15
-19
-21
-24
-26
-29
-30
-30
-31
-29
-28
-26
-22
-18
-13
-7
-1
6
12
19
26
32
37
42
47
50
53
54
54
53
50
47
42
35
29
21
13
4
-5
-14
-22
-31
-39
-45
-52
-57
-60
-63
-63
-63
-62
-58
-54
-48
-42
-34
-26
-17
-8
0
10
18
26
33
40
45
49
52
