Minimum trip distance: 
3.6928831438984497

Maximum trip distance: 
4.077287329387475

Mean trip distance of population of good solutions: 
3.9072121066501446

Standard deviation of population of good solutions: 
0.1301804726261405

Number of good solutions: 
9

Histogram Data: 
[1 0 0 0 0 0 0 0 0 0 0 0 0 0 0 0 0 0 0 0 0 1 0 0 0 0 0 0 0 0 1 0 0 0 0 0 1
 0 0 0 0 0 0 0 0 0 0 0 0 0 0 0 0 1 0 0 0 0 0 0 0 0 0 0 0 0 0 0 0 0 0 0 0 1
 0 0 0 0 0 0 0 0 0 0 0 0 0 0 0 0 1 0 0 0 0 1 0 0 0 1]
3.7762281144918304
3.9004425719785383
4.077287329387475
3.6928831438984497
4.039851333231814
3.809249581226237
3.976731411188836
3.8334069792773295
4.058828495170794