-2.847481939676927e-16
0.012260453083394804
0.02445263100279991
0.0365086787672647
0.048361578946913085
0.05994556351032497
0.07119651738419717
0.08205237106573553
0.09245347969428813
0.10234298608277291
0.11166716532081854
0.12037574868942329
0.12842222477043486
0.135764115792235
0.14236322742455768
0.1481858704191423
0.15320305268762738
0.15739064061232627
0.1607294885978512
0.1632055360904443
0.1648098715157858
0.16553876281338167
0.16539365447478346
0.16438113122221792
0.1625128486921016
0.15980543171275136
0.15628034098580607
0.15196370919487817
0.14688614777126463
0.14108252574369984
0.13459172228576483
0.12745635474935463
0.11972248413434906
0.11143930009219712
0.10265878769350445
0.09343537830599258
0.08382558702859416
0.07388763920929156
0.06368108863805973
0.05326643005152965
0.04270470861247438
0.03205712903479836
0.021384667013380716
0.010747685588021735
0.00020555902214022736
-0.010183693289828344
-0.02036376045664402
-0.03028037893755505
-0.03988165439142586
-0.049118364448959
-0.05794424047599944
-0.06631622655575062
-0.07419471408949461
-0.08154375059780639
-0.0883312214959362
-0.09452900381657703
-0.10011309105917418
-0.10506368855574419
-0.10936527895731572
-0.11300665766100744
-0.11598093821385339
-0.11828552794418848
-0.11992207428317539
-0.12089638244633523
-0.12121830534626486
-0.12090160680161634
-0.11996379929250633
-0.11842595768748194
-0.11631251053076129
-0.11365101062953038
-0.11047188681855978
-0.10680817890233868
-0.10269525788247491
-0.0981705336695357
-0.09327315255320333
-0.08804368676210236
-0.08252381848456956
-0.0767560207437526
-0.07078323752465526
-0.06464856553712618
-0.058394939967494126
-0.052064826522886055
-0.04569992200665591
-0.03934086558136006
-0.03302696277801245
-0.026795924197735927
-0.02068362072529097
-0.014723856934315455
-0.008948164212544437
-0.0033856149729821357
0.0019373408547726364
0.006997016038760101
0.011772602136840409
0.016246260831208205
0.020403190065487922
0.024231664742875334
0.02772305194286862
0.030871800812548946
0.033675407484632075
0.03613435556712692
0.03825203293696086
0.04003462575094547
0.04149099076061065
0.042632507181424854
0.04347290952052726
0.044028102909175214
0.04431596261560774
0.044356119529981725
0.0441697335146049
0.04377925659911962
0.04320818807096683
0.04248082356586573
0.0416220003008081
0.04065684061292866
0.03961049597144984
0.038507893616716624
0.03737348795026566
0.036231018753177975
0.03510327824703131
0.03401188893311075
0.0329770940517827
0.03201756239583597
0.031150209089994305
0.03039003381466759
0.029749977806381275
0.029240800811346262
0.028870979003517813
0.028646624705530543
0.028571428571428314
0.028646624705530525
0.028870979003517767
0.029240800811346175
0.029749977806381202
0.03039003381466749
0.031150209089994167
0.03201756239583584
0.032977094051782514
0.03401188893311056
0.035103278247031085
0.03623101875317776
0.03737348795026542
0.03850789361671639
0.0396104959714496
0.0406568406129284
0.041622000300807836
0.042480823565865494
0.0432081880709666
0.043779256599119395
0.04416973351460469
0.04435611952998152
0.044315962615607545
0.04402810290917503
0.043472909520527084
0.0426325071814247
0.04149099076061051
0.040034625750945324
0.03825203293696075
0.03613435556712685
0.03367540748463201
0.030871800812548908
0.027723051942868608
0.024231664742875372
0.02040319006548799
0.0162462608312083
0.011772602136840499
0.006997016038760242
0.0019373408547727787
-0.003385614972981965
-0.008948164212544237
-0.01472385693431524
-0.020683620725290727
-0.026795924197735663
-0.033026962778012155
-0.03934086558135977
-0.04569992200665556
-0.052064826522885695
-0.05839493996749379
-0.06464856553712586
-0.0707832375246549
-0.0767560207437522
-0.08252381848456923
-0.08804368676210204
-0.09327315255320298
-0.09817053366953538
-0.10269525788247458
-0.10680817890233835
-0.11047188681855948
-0.11365101062953006
-0.11631251053076101
-0.11842595768748174
-0.11996379929250613
-0.12090160680161612
-0.12121830534626468
-0.12089638244633512
-0.11992207428317529
-0.11828552794418841
-0.11598093821385336
-0.1130066576610075
-0.10936527895731575
-0.10506368855574426
-0.10011309105917429
-0.09452900381657715
-0.08833122149593636
-0.08154375059780655
-0.07419471408949481
-0.06631622655575087
-0.057944240475999734
-0.04911836444895929
-0.0398816543914262
-0.030280378937555454
-0.020363760456644443
-0.01018369328982879
0.00020555902213979395
0.010747685588021265
0.021384667013380255
0.03205712903479788
0.042704708612473864
0.05326643005152914
0.06368108863805924
0.07388763920929106
0.08382558702859369
0.09343537830599212
0.102658787693504
0.11143930009219663
0.11972248413434862
0.12745635474935424
0.13459172228576446
0.14108252574369948
0.14688614777126435
0.15196370919487792
0.15628034098580582
0.15980543171275116
0.16251284869210142
0.16438113122221776
0.16539365447478332
0.16553876281338153
0.16480987151578572
0.1632055360904443
0.16072948859785122
0.15739064061232633
0.15320305268762754
0.14818587041914258
0.14236322742455798
0.1357641157922353
0.12842222477043522
0.12037574868942368
0.11166716532081893
0.1023429860827733
0.09245347969428859
0.08205237106573597
0.07119651738419763
0.05994556351032544
0.048361578946913585
0.03650867876726524
0.024452631002800443
0.012260453083395345
2.664883394004439e-16
-0.012260453083394822
-0.024452631002799922
-0.03650867876726471
-0.0483615789469131
-0.059945563510324984
-0.07119651738419717
-0.08205237106573553
-0.09245347969428813
-0.10234298608277291
-0.11166716532081854
-0.12037574868942329
-0.12842222477043486
-0.135764115792235
-0.14236322742455768
-0.1481858704191423
-0.15320305268762738
-0.15739064061232627
-0.1607294885978512
-0.1632055360904443
-0.1648098715157858
-0.16553876281338167
-0.16539365447478346
-0.16438113122221792
-0.1625128486921016
-0.15980543171275136
-0.15628034098580607
-0.15196370919487817
-0.14688614777126463
-0.14108252574369984
-0.13459172228576483
-0.12745635474935463
-0.11972248413434904
-0.11143930009219709
-0.10265878769350442
-0.09343537830599255
-0.08382558702859413
-0.07388763920929153
-0.0636810886380597
-0.053266430051529624
-0.04270470861247435
-0.03205712903479835
-0.021384667013380695
-0.010747685588021718
-0.00020555902214021082
0.010183693289828358
0.020363760456644033
0.030280378937555065
0.03988165439142587
0.049118364448959013
0.057944240475999456
0.06631622655575062
0.07419471408949461
0.08154375059780639
0.0883312214959362
0.09452900381657703
0.10011309105917418
0.10506368855574419
0.10936527895731572
0.11300665766100744
0.11598093821385339
0.11828552794418848
0.11992207428317539
0.1208963824463352
0.12121830534626483
0.12090160680161631
0.1199637992925063
0.11842595768748192
0.11631251053076126
0.11365101062953036
0.11047188681855975
0.10680817890233865
0.10269525788247488
0.09817053366953567
0.0932731525532033
0.08804368676210234
0.08252381848456954
0.07675602074375257
0.07078323752465523
0.06464856553712615
0.0583949399674941
0.05206482652288603
0.04569992200665588
0.039340865581360046
0.03302696277801244
0.026795924197735906
0.02068362072529095
0.014723856934315438
0.008948164212544423
0.0033856149729821227
-0.0019373408547726481
-0.0069970160387601114
-0.011772602136840416
-0.016246260831208212
-0.02040319006548793
-0.024231664742875334
-0.02772305194286862
-0.030871800812548946
-0.033675407484632075
-0.03613435556712692
-0.03825203293696086
-0.040034625750945456
-0.041490990760610635
-0.04263250718142484
-0.04347290952052724
-0.0440281029091752
-0.044315962615607725
-0.04435611952998171
-0.04416973351460489
-0.043779256599119604
-0.04320818807096682
-0.0424808235658657
-0.04162200030080807
-0.04065684061292863
-0.03961049597144981
-0.038507893616716596
-0.037373487950265634
-0.03623101875317795
-0.03510327824703128
-0.034011888933110725
-0.032977094051782674
-0.03201756239583594
-0.031150209089994284
-0.03039003381466757
-0.029749977806381254
-0.02924080081134624
-0.02887097900351779
-0.028646624705530522
-0.028571428571428293
-0.02864662470553051
-0.028870979003517754
-0.02924080081134616
-0.029749977806381188
-0.030390033814667476
-0.03115020908999416
-0.03201756239583583
-0.032977094051782514
-0.03401188893311056
-0.035103278247031085
-0.03623101875317776
-0.03737348795026542
-0.03850789361671639
-0.0396104959714496
-0.0406568406129284
-0.04162200030080785
-0.04248082356586551
-0.043208188070966616
-0.04377925659911941
-0.0441697335146047
-0.04435611952998154
-0.04431596261560756
-0.04402810290917505
-0.0434729095205271
-0.042632507181424716
-0.04149099076061054
-0.04003462575094535
-0.03825203293696078
-0.03613435556712688
-0.03367540748463204
-0.030871800812548936
-0.027723051942868636
-0.0242316647428754
-0.02040319006548802
-0.01624626083120832
-0.011772602136840523
-0.006997016038760265
-0.0019373408547728012
0.003385614972981943
0.008948164212544216
0.01472385693431522
0.020683620725290706
0.026795924197735643
0.03302696277801214
0.039340865581359755
0.04569992200665555
0.05206482652288568
0.05839493996749378
0.06464856553712586
0.0707832375246549
0.0767560207437522
0.08252381848456923
0.08804368676210204
0.09327315255320298
0.09817053366953538
0.10269525788247458
0.10680817890233835
0.11047188681855948
0.11365101062953006
0.11631251053076101
0.11842595768748174
0.11996379929250613
0.12090160680161614
0.12121830534626471
0.12089638244633515
0.11992207428317532
0.11828552794418844
0.11598093821385339
0.11300665766100752
0.10936527895731578
0.10506368855574429
0.10011309105917432
0.09452900381657718
0.08833122149593639
0.08154375059780658
0.07419471408949484
0.0663162265557509
0.05794424047599976
0.04911836444895932
0.03988165439142623
0.030280378937555474
0.020363760456644463
0.01018369328982881
-0.00020555902213977416
-0.010747685588021248
-0.021384667013380234
-0.03205712903479786
-0.04270470861247385
-0.053266430051529125
-0.06368108863805924
-0.07388763920929106
-0.08382558702859369
-0.09343537830599212
-0.102658787693504
-0.11143930009219663
-0.11972248413434862
-0.12745635474935424
-0.13459172228576446
-0.14108252574369948
-0.14688614777126435
-0.15196370919487792
-0.15628034098580582
-0.15980543171275116
-0.16251284869210142
-0.16438113122221776
-0.16539365447478332
-0.16553876281338153
-0.16480987151578572
-0.1632055360904443
-0.16072948859785122
-0.15739064061232633
-0.15320305268762754
-0.14818587041914258
-0.14236322742455798
-0.1357641157922353
-0.12842222477043522
-0.1203757486894237
-0.11166716532081895
-0.10234298608277333
-0.09245347969428862
-0.082052371065736
-0.07119651738419766
-0.05994556351032547
-0.04836157894691361
-0.03650867876726527
-0.024452631002800464
-0.012260453083395366
