S = 3: 

0.0
0.036804759859947925
0.07354488476264467
0.1101559362970147
0.14657386845985804
0.18273522215110116
0.21857731762562166
0.25403844423213884
0.2890580467795809
0.32357690788366444
0.3575373256611146
0.3908832861559528
0.4235606299015261
0.4555172120433718
0.4867030554715261
0.5170704964364072
0.546574322149838
0.5751718999020154
0.6028232972561818
0.6294913929152798
0.6551419778888742
0.679743846623952
0.7032688777997598
0.7256921045244444
0.7469917737098141
0.7671493944398591
0.7861497751886602
0.8039810497837645
0.8206346920519336
0.8361055191251623
0.8503916834259144
0.8634946533914493
0.875419183037776
0.8861732705040305
0.8957681057577445
0.90421800768046
0.9115403507912592
0.9177554819028954
0.9228866270412137
0.9269597889932573
0.9300036358827923
0.9320493812037935
0.9331306557726048
0.9332833720879236
0.9325455816143355
0.9309573255297625
0.9285604794997787
0.9253985930622356
0.9215167242239047
0.9169612698868916
0.9117797927362589
0.9060208452316475
0.8997337913546235
0.8929686267699541
0.8857757980630768
0.8782060217175701
0.8703101034955381
0.8621387588804335
0.8537424352360145
0.8451711363268656
0.8364742498352556
0.8277003784960951
0.8188971754564364
0.8101111844484095
0.8013876853447539
0.7927705456442778
0.784302078410738
0.7760229071628699
0.7679718381857159
0.760185740704093
0.7526994353281441
0.7455455911485165
0.7387546318249613
0.7323546509771581
0.7263713371504814
0.7208279085923581
0.715745058037017
0.7111409076578419
0.7070309743074785
0.7034281451263598
0.7003426635606087
0.6977821257904879
0.6957514875308385
0.6942530811254355
0.6932866428180561
0.692849350044412
0.6929358685511326
0.6935384091108182
0.694646793565954
0.6962485298993293
0.6983288959946682
0.7008710317185893
0.7038560389238688
0.7072630889444286
0.7110695371246101
0.7152510438992074
0.7197817019165721
0.7246341686748837
0.729779804121557
0.735188812647757
0.7408303888942078
0.7466728667709511
0.7526838710825058
0.7588304711410238
0.7650793357435725
0.7713968888856141
0.7777494655811249
0.7841034671605899
0.7904255154213349
0.7966826050102834
0.8028422534272479
0.8088726480472397
0.814742789572969
0.8204226313436598
0.8258832139434593
0.8310967945720349
0.8360369706612917
0.840678797245513
0.8449988976174472
0.848975566829902
0.8525888676311315
0.8558207184525983
0.8586549730994617
0.8610774918272492
0.8630762035224876
0.8646411587404741
0.8657645733897161
0.8664408628897246
0.8666666666666667
0.8664408628897244
0.8657645733897161
0.8646411587404741
0.8630762035224877
0.8610774918272491
0.8586549730994618
0.8558207184525983
0.8525888676311317
0.8489755668299022
0.844998897617447
0.840678797245513
0.8360369706612918
0.8310967945720349
0.8258832139434595
0.8204226313436596
0.8147427895729691
0.8088726480472398
0.8028422534272478
0.7966826050102835
0.7904255154213351
0.7841034671605897
0.7777494655811249
0.7713968888856145
0.7650793357435723
0.7588304711410239
0.7526838710825057
0.7466728667709512
0.7408303888942079
0.7351888126477569
0.729779804121557
0.7246341686748841
0.719781701916572
0.7152510438992074
0.7110695371246102
0.7072630889444287
0.7038560389238689
0.7008710317185894
0.698328895994668
0.6962485298993294
0.6946467935659542
0.6935384091108181
0.6929358685511328
0.6928493500444122
0.693286642818056
0.6942530811254353
0.6957514875308384
0.6977821257904882
0.7003426635606087
0.7034281451263593
0.7070309743074784
0.7111409076578419
0.715745058037017
0.7208279085923581
0.7263713371504814
0.7323546509771582
0.7387546318249613
0.7455455911485166
0.7526994353281441
0.7601857407040928
0.7679718381857155
0.7760229071628697
0.784302078410738
0.7927705456442776
0.8013876853447537
0.8101111844484095
0.8188971754564363
0.8277003784960955
0.8364742498352558
0.8451711363268655
0.8537424352360143
0.8621387588804332
0.8703101034955377
0.8782060217175701
0.8857757980630766
0.8929686267699541
0.8997337913546234
0.9060208452316473
0.9117797927362589
0.916961269886892
0.9215167242239044
0.9253985930622354
0.9285604794997786
0.9309573255297622
0.9325455816143355
0.9332833720879237
0.9331306557726051
0.9320493812037937
0.9300036358827924
0.9269597889932575
0.9228866270412139
0.917755481902895
0.9115403507912591
0.90421800768046
0.8957681057577445
0.8861732705040306
0.8754191830377761
0.8634946533914494
0.8503916834259149
0.8361055191251626
0.8206346920519338
0.803981049783765
0.7861497751886601
0.7671493944398593
0.7469917737098143
0.7256921045244448
0.7032688777997599
0.6797438466239522
0.6551419778888743
0.6294913929152803
0.6028232972561824
0.5751718999020159
0.5465743221498385
0.5170704964364075
0.48670305547152604
0.4555172120433723
0.4235606299015264
0.39088328615595314
0.35753732566111496
0.32357690788366456
0.28905804677958163
0.2540384442321396
0.21857731762562216
0.18273522215110133
0.1465738684598579
0.11015593629701464
0.07354488476264526
0.03680475985994822
3.6739403974420594e-16
-0.03680475985994749
-0.07354488476264452
-0.11015593629701391
-0.1465738684598572
-0.1827352221511006
-0.21857731762562146
-0.2540384442321386
-0.2890580467795807
-0.32357690788366417
-0.3575373256611143
-0.39088328615595247
-0.42356062990152576
-0.4555172120433715
-0.4867030554715256
-0.5170704964364068
-0.5465743221498379
-0.5751718999020154
-0.6028232972561817
-0.6294913929152797
-0.6551419778888738
-0.6797438466239516
-0.7032688777997594
-0.7256921045244443
-0.7469917737098137
-0.7671493944398589
-0.7861497751886597
-0.8039810497837645
-0.8206346920519336
-0.8361055191251623
-0.8503916834259145
-0.8634946533914489
-0.8754191830377759
-0.8861732705040304
-0.8957681057577443
-0.90421800768046
-0.9115403507912587
-0.9177554819028949
-0.9228866270412138
-0.9269597889932575
-0.9300036358827928
-0.9320493812037933
-0.9331306557726048
-0.9332833720879237
-0.9325455816143355
-0.9309573255297625
-0.928560479499779
-0.925398593062235
-0.9215167242239044
-0.9169612698868921
-0.9117797927362591
-0.9060208452316478
-0.8997337913546231
-0.892968626769954
-0.8857757980630768
-0.8782060217175703
-0.8703101034955381
-0.8621387588804338
-0.8537424352360141
-0.8451711363268658
-0.836474249835256
-0.8277003784960957
-0.8188971754564367
-0.8101111844484092
-0.8013876853447541
-0.792770545644278
-0.7843020784107381
-0.7760229071628699
-0.7679718381857159
-0.7601857407040925
-0.7526994353281442
-0.7455455911485168
-0.7387546318249609
-0.7323546509771584
-0.7263713371504809
-0.7208279085923579
-0.7157450580370175
-0.7111409076578421
-0.7070309743074787
-0.7034281451263594
-0.7003426635606085
-0.6977821257904884
-0.6957514875308386
-0.694253081125435
-0.6932866428180559
-0.6928493500444118
-0.6929358685511324
-0.6935384091108185
-0.694646793565954
-0.6962485298993293
-0.6983288959946683
-0.7008710317185893
-0.7038560389238688
-0.7072630889444289
-0.7110695371246097
-0.7152510438992069
-0.719781701916572
-0.7246341686748837
-0.7297798041215573
-0.7351888126477568
-0.7408303888942076
-0.7466728667709513
-0.7526838710825058
-0.758830471141024
-0.7650793357435725
-0.7713968888856139
-0.7777494655811245
-0.78410346716059
-0.7904255154213349
-0.7966826050102837
-0.8028422534272476
-0.8088726480472392
-0.8147427895729692
-0.8204226313436597
-0.8258832139434592
-0.8310967945720349
-0.8360369706612915
-0.8406787972455128
-0.8449988976174472
-0.8489755668299018
-0.8525888676311317
-0.8558207184525983
-0.8586549730994617
-0.8610774918272492
-0.8630762035224875
-0.864641158740474
-0.8657645733897162
-0.8664408628897244
-0.8666666666666667
-0.8664408628897244
-0.8657645733897161
-0.8646411587404741
-0.8630762035224875
-0.8610774918272492
-0.8586549730994617
-0.8558207184525984
-0.8525888676311317
-0.848975566829902
-0.8449988976174474
-0.8406787972455128
-0.8360369706612915
-0.8310967945720351
-0.8258832139434593
-0.8204226313436599
-0.8147427895729694
-0.8088726480472396
-0.8028422534272478
-0.7966826050102839
-0.790425515421335
-0.7841034671605902
-0.7777494655811247
-0.7713968888856141
-0.7650793357435727
-0.7588304711410241
-0.752683871082506
-0.7466728667709515
-0.7408303888942077
-0.735188812647757
-0.7297798041215574
-0.7246341686748838
-0.7197817019165722
-0.7152510438992071
-0.7110695371246099
-0.7072630889444289
-0.7038560389238689
-0.7008710317185894
-0.6983288959946683
-0.6962485298993293
-0.6946467935659542
-0.6935384091108185
-0.6929358685511324
-0.6928493500444117
-0.693286642818056
-0.6942530811254352
-0.6957514875308386
-0.6977821257904882
-0.7003426635606085
-0.7034281451263593
-0.7070309743074785
-0.7111409076578419
-0.7157450580370175
-0.7208279085923583
-0.7263713371504812
-0.7323546509771588
-0.7387546318249603
-0.745545591148516
-0.7526994353281437
-0.7601857407040926
-0.7679718381857156
-0.77602290716287
-0.7843020784107378
-0.792770545644278
-0.8013876853447538
-0.810111184448409
-0.8188971754564368
-0.8277003784960947
-0.8364742498352554
-0.8451711363268649
-0.8537424352360141
-0.8621387588804335
-0.8703101034955384
-0.87820602171757
-0.885775798063077
-0.8929686267699538
-0.8997337913546226
-0.9060208452316478
-0.9117797927362583
-0.9169612698868917
-0.9215167242239042
-0.9253985930622354
-0.9285604794997789
-0.9309573255297628
-0.9325455816143357
-0.933283372087924
-0.9331306557726047
-0.932049381203793
-0.9300036358827927
-0.9269597889932573
-0.9228866270412142
-0.9177554819028952
-0.9115403507912592
-0.9042180076804602
-0.895768105757745
-0.8861732705040306
-0.8754191830377764
-0.8634946533914494
-0.8503916834259142
-0.8361055191251625
-0.8206346920519334
-0.8039810497837654
-0.7861497751886606
-0.76714939443986
-0.7469917737098144
-0.7256921045244453
-0.7032688777997601
-0.679743846623952
-0.6551419778888746
-0.6294913929152796
-0.602823297256182
-0.5751718999020153
-0.5465743221498393
-0.5170704964364081
-0.48670305547152753
-0.45551721204337237
-0.42356062990152715
-0.3908832861559534
-0.3575373256611149
-0.3235769078836652
-0.28905804677958064
-0.25403844423213906
-0.2185773176256215
-0.18273522215110272
-0.1465738684598592
-0.1101559362970164
-0.07354488476264526
-0.03680475985994903

S = 10: 

0.0
0.12230953212501822
0.2421830539112709
0.357271630822755
0.4653967863052988
0.564626666770677
0.6533417977102187
0.7302877169915435
0.7946123719405901
0.845886861304108
0.8841088583225414
0.9096888308387345
0.9234199415473606
0.9264332299066024
0.9201403132470235
0.9061663688271323
0.8862765472680044
0.8622992040077115
0.8360494097789553
0.8092561122283367
0.7834960752272975
0.7601373343015236
0.7402943968432583
0.7247968109620889
0.7141720578588611
0.708643023063834
0.7081396063516967
0.7123233724796287
0.72062355651459
0.7322822458836465
0.7464061885730786
0.7620224389727862
0.7781349585411889
0.7937793392188544
0.8080730074927909
0.8202585834492635
0.8297384931505286
0.8360994402534958
0.8391259062150406
0.8388024376794436
0.8353050639999505
0.8289827374848832
0.8203301764716701
0.8099538931016624
0.7985334850207804
0.7867804503151228
0.7753968413401993
0.7650360058538886
0.7562674796252448
0.7495478060765018
0.7451986833644588
0.7433933996490325
0.7441520381061882
0.7473454410619955
0.7527074441254313
0.7598544517575228
0.7683110480885615
0.7775400399475486
0.7869751272257677
0.796054297671992
0.8042520520326104
0.811108678279189
0.8162550020901719
0.8194313313169144
0.8204996671921733
0.8194486536711284
0.8163911556750834
0.8115547735650621
0.8052659919198615
0.7979290044765849
0.7900005357192689
0.7819621787942258
0.7742918795468225
0.7674362129663159
0.7617850219132781
0.7576498245565256
0.7552471570789422
0.7546877166296672
0.7559718241254999
0.7589913574343053
0.7635379338337617
0.769316767395157
0.7759653117327558
0.7830755386187104
0.7902185121900377
0.7969698066956037
0.8029342882047452
0.8077688378726025
0.8112017318995018
0.8130476024212628
0.8132171714770203
0.8117212609978375
0.8086689172732179
0.8042598292133247
0.7987715464649163
0.7925422975924346
0.7859504536696181
0.7793918652503321
0.7732564109863577
0.767905128520198
0.7636492515689663
0.7607323547052081
0.7593166168862803
0.759473967752855
0.761182591710395
0.7643289507090696
0.7687151656400153
0.7740712868280344
0.780071703897904
0.7863547102147199
0.7925440603630475
0.7982712505368478
0.8031972171120721
0.8070321896519606
0.8095525484036047
0.8106137160793763
0.8101583487303623
0.8082193670423784
0.8049176713265234
0.8004546933476788
0.7951002380546742
0.7891763409929211
0.7830380970543055
0.7770525901116976
0.7715771611038343
0.7669382881920366
0.7634123147588061
0.7612091515641167
0.7604599047323508
0.7612091515641164
0.7634123147588057
0.7669382881920358
0.7715771611038337
0.7770525901116964
0.7830380970543045
0.7891763409929198
0.7951002380546731
0.8004546933476776
0.8049176713265218
0.8082193670423771
0.8101583487303614
0.8106137160793754
0.8095525484036041
0.8070321896519598
0.8031972171120719
0.7982712505368477
0.7925440603630473
0.7863547102147204
0.7800717038979045
0.7740712868280348
0.7687151656400159
0.7643289507090707
0.7611825917103956
0.7594739677528557
0.759316616886281
0.7607323547052088
0.7636492515689673
0.7679051285201985
0.7732564109863578
0.779391865250333
0.7859504536696185
0.7925422975924347
0.7987715464649167
0.8042598292133248
0.808668917273218
0.8117212609978376
0.8132171714770197
0.8130476024212625
0.8112017318995017
0.8077688378726022
0.8029342882047453
0.7969698066956038
0.7902185121900374
0.7830755386187098
0.7759653117327555
0.769316767395157
0.7635379338337618
0.7589913574343047
0.7559718241255
0.7546877166296673
0.7552471570789422
0.7576498245565254
0.761785021913278
0.7674362129663161
0.7742918795468224
0.7819621787942255
0.7900005357192688
0.7979290044765844
0.8052659919198613
0.8115547735650619
0.8163911556750832
0.8194486536711277
0.8204996671921729
0.8194313313169145
0.8162550020901718
0.8111086782791896
0.804252052032611
0.796054297671992
0.7869751272257681
0.7775400399475488
0.7683110480885617
0.7598544517575232
0.7527074441254314
0.7473454410619963
0.7441520381061887
0.7433933996490325
0.745198683364459
0.7495478060765028
0.7562674796252445
0.7650360058538885
0.7753968413401991
0.7867804503151226
0.7985334850207805
0.8099538931016624
0.8203301764716707
0.8289827374848834
0.8353050639999507
0.8388024376794438
0.8391259062150405
0.8360994402534955
0.8297384931505288
0.8202585834492633
0.8080730074927905
0.7937793392188545
0.7781349585411887
0.7620224389727859
0.7464061885730785
0.7322822458836472
0.7206235565145903
0.7123233724796292
0.7081396063516961
0.7086430230638343
0.7141720578588608
0.7247968109620886
0.7402943968432578
0.7601373343015234
0.783496075227297
0.8092561122283369
0.8360494097789551
0.8622992040077109
0.8862765472680043
0.9061663688271318
0.9201403132470227
0.9264332299066026
0.9234199415473604
0.9096888308387348
0.8841088583225419
0.8458868613041084
0.7946123719405914
0.7302877169915445
0.6533417977102198
0.5646266667706777
0.46539678630529985
0.3572716308227559
0.2421830539112725
0.12230953212501977
1.4891844538207443e-15
-0.1223095321250168
-0.24218305391126962
-0.35727163082275326
-0.46539678630529735
-0.5646266667706756
-0.653341797710218
-0.7302877169915425
-0.7946123719405899
-0.8458868613041076
-0.8841088583225413
-0.9096888308387344
-0.9234199415473604
-0.9264332299066026
-0.9201403132470231
-0.9061663688271323
-0.8862765472680051
-0.8622992040077118
-0.8360494097789557
-0.8092561122283375
-0.7834960752272978
-0.7601373343015239
-0.7402943968432585
-0.724796810962089
-0.7141720578588614
-0.7086430230638342
-0.7081396063516964
-0.7123233724796292
-0.7206235565145908
-0.7322822458836468
-0.7464061885730785
-0.7620224389727854
-0.7781349585411887
-0.7937793392188545
-0.8080730074927907
-0.8202585834492638
-0.8297384931505282
-0.8360994402534956
-0.8391259062150411
-0.8388024376794441
-0.8353050639999513
-0.8289827374848828
-0.8203301764716708
-0.809953893101663
-0.7985334850207804
-0.786780450315123
-0.775396841340199
-0.7650360058538881
-0.756267479625244
-0.7495478060765022
-0.7451986833644588
-0.743393399649032
-0.7441520381061871
-0.7473454410619953
-0.7527074441254308
-0.7598544517575235
-0.7683110480885613
-0.7775400399475483
-0.7869751272257679
-0.7960542976719915
-0.80425205203261
-0.8111086782791893
-0.8162550020901714
-0.8194313313169144
-0.820499667192173
-0.8194486536711286
-0.8163911556750839
-0.8115547735650624
-0.8052659919198615
-0.7979290044765851
-0.7900005357192692
-0.7819621787942258
-0.7742918795468225
-0.7674362129663165
-0.7617850219132773
-0.7576498245565252
-0.755247157078943
-0.7546877166296669
-0.7559718241255
-0.7589913574343051
-0.7635379338337613
-0.7693167673951576
-0.7759653117327564
-0.7830755386187097
-0.7902185121900375
-0.7969698066956034
-0.802934288204745
-0.8077688378726032
-0.8112017318995016
-0.813047602421263
-0.8132171714770202
-0.8117212609978377
-0.8086689172732178
-0.8042598292133252
-0.7987715464649157
-0.7925422975924344
-0.7859504536696175
-0.7793918652503319
-0.773256410986357
-0.7679051285201977
-0.7636492515689657
-0.7607323547052072
-0.7593166168862794
-0.7594739677528544
-0.761182591710393
-0.7643289507090689
-0.7687151656400144
-0.7740712868280349
-0.7800717038979045
-0.7863547102147195
-0.7925440603630476
-0.7982712505368471
-0.8031972171120727
-0.8070321896519608
-0.8095525484036047
-0.8106137160793774
-0.8101583487303627
-0.808219367042379
-0.804917671326526
-0.8004546933476802
-0.7951002380546761
-0.7891763409929218
-0.7830380970543072
-0.7770525901116986
-0.7715771611038351
-0.7669382881920368
-0.7634123147588072
-0.7612091515641171
-0.7604599047323508
-0.7612091515641162
-0.7634123147588054
-0.7669382881920351
-0.7715771611038326
-0.7770525901116955
-0.7830380970543037
-0.7891763409929183
-0.7951002380546728
-0.800454693347676
-0.8049176713265219
-0.8082193670423762
-0.810158348730359
-0.8106137160793747
-0.8095525484036031
-0.8070321896519592
-0.8031972171120719
-0.7982712505368476
-0.7925440603630477
-0.7863547102147211
-0.7800717038979049
-0.7740712868280364
-0.7687151656400167
-0.7643289507090714
-0.7611825917103958
-0.7594739677528566
-0.7593166168862816
-0.7607323547052097
-0.7636492515689675
-0.7679051285201989
-0.7732564109863594
-0.7793918652503329
-0.7859504536696187
-0.7925422975924356
-0.7987715464649165
-0.804259829213325
-0.8086689172732179
-0.8117212609978381
-0.8132171714770198
-0.813047602421262
-0.8112017318995017
-0.8077688378726021
-0.8029342882047452
-0.7969698066956027
-0.7902185121900372
-0.7830755386187103
-0.7759653117327556
-0.7693167673951568
-0.7635379338337615
-0.7589913574343045
-0.7559718241254998
-0.7546877166296672
-0.7552471570789415
-0.7576498245565259
-0.761785021913278
-0.7674362129663159
-0.7742918795468207
-0.7819621787942255
-0.7900005357192686
-0.7979290044765837
-0.8052659919198607
-0.811554773565062
-0.816391155675083
-0.8194486536711281
-0.8204996671921732
-0.819431331316914
-0.8162550020901721
-0.8111086782791875
-0.8042520520326107
-0.7960542976719918
-0.7869751272257678
-0.7775400399475498
-0.7683110480885618
-0.7598544517575234
-0.7527074441254334
-0.747345441061996
-0.7441520381061879
-0.7433933996490336
-0.7451986833644592
-0.7495478060765024
-0.7562674796252442
-0.7650360058538891
-0.7753968413401997
-0.7867804503151229
-0.7985334850207806
-0.8099538931016637
-0.8203301764716696
-0.8289827374848822
-0.8353050639999507
-0.8388024376794434
-0.8391259062150405
-0.8360994402534954
-0.8297384931505289
-0.8202585834492636
-0.808073007492792
-0.7937793392188552
-0.7781349585411889
-0.7620224389727865
-0.7464061885730782
-0.7322822458836458
-0.7206235565145904
-0.7123233724796297
-0.7081396063516971
-0.7086430230638338
-0.7141720578588608
-0.72479681096209
-0.7402943968432577
-0.7601373343015212
-0.7834960752272973
-0.8092561122283354
-0.8360494097789541
-0.8622992040077105
-0.8862765472680053
-0.9061663688271322
-0.9201403132470244
-0.9264332299066023
-0.9234199415473614
-0.9096888308387339
-0.8841088583225413
-0.8458868613041093
-0.7946123719405908
-0.7302877169915444
-0.6533417977102196
-0.5646266667706815
-0.4653967863053015
-0.3572716308227574
-0.24218305391127384
-0.12230953212502188

S = 50: 

0.0
0.5645210150999811
0.8836020612124161
0.9056372687161857
0.783888785498933
0.7098989657969731
0.7469257102322808
0.8189225468380621
0.8335235556373558
0.7871154496199029
0.747720653272634
0.7613635731758861
0.8023032031501128
0.8161655930638474
0.789891363503091
0.761461299842469
0.7664688427567381
0.7946569925316674
0.8081169970247969
0.7915117666760566
0.7687954783056855
0.7692473651216081
0.7901825493092713
0.8032546528020486
0.7924958886628075
0.7735050887059582
0.7711413278710044
0.7872098910198351
0.7998501656469194
0.7930940721961616
0.7768743578428168
0.7726237535399956
0.7850839760606908
0.797233470335621
0.7934312346647932
0.7794559744842439
0.7738917159261414
0.7834967302285035
0.7950932343306912
0.7935759592884097
0.781525217845839
0.7750397785936779
0.7822846573642729
0.7932670630735097
0.7935694380118999
0.7832334391109288
0.7761173158189054
0.7813530526379312
0.7916634147490884
0.7934385210890362
0.7846699568025595
0.7771512215610249
0.780643191123823
0.7902279190197384
0.7932020998627394
0.7858903476737137
0.778156148217998
0.7801165272417203
0.7889271885678133
0.7928744546543088
0.7869306535148756
0.7791395991554114
0.7797464390155607
0.7877403611469097
0.7924671139001161
0.7878150603069316
0.780104667741853
0.7795136271275809
0.7866543753207058
0.7919899344765606
0.7885603025852453
0.7810516095216387
0.7794034140319703
0.785661182331735
0.7914517515979647
0.7891783158371207
0.7819787966875884
0.7794040900371295
0.7847560224139684
0.7908607793547
0.789677900106588
0.7828833272048634
0.77950586523317
0.783936315892602
0.790224860810509
0.7900657995248583
0.7837614315808283
0.7797001870368582
0.7832009248260854
0.789551624125266
0.7903474228838753
0.7846087560089202
0.7799792866058662
0.7825496465959535
0.788848578235071
0.7905273356915532
0.7854205669789938
0.7803358732234634
0.7819828578144491
0.7881231687461526
0.7906096020085068
0.7861919040303764
0.7807629271354766
0.7815012589171079
0.7873828072284584
0.7905980245419041
0.7869176968287878
0.7812535595810866
0.7811056884417686
0.7866348826394634
0.7904963138316258
0.7875928565424416
0.7818009197124214
0.7807969872079457
0.7858867608959498
0.7903082066124726
0.7882123476871046
0.7823981348439495
0.7805758995686947
0.7851457769417219
0.7900375467007308
0.7887712441811676
0.7830382747208076
0.7804430033623316
0.7844192226390093
0.7896883374206917
0.7892647717219036
0.7837143332172756
0.7803986631477527
0.7837143332172762
0.7892647717219036
0.7896883374206909
0.7844192226390074
0.7804430033623289
0.7830382747208054
0.7887712441811653
0.7900375467007286
0.7851457769417203
0.7805758995686939
0.7823981348439494
0.7882123476871047
0.7903082066124721
0.7858867608959496
0.7807969872079457
0.781800919712422
0.7875928565424419
0.7904963138316248
0.7866348826394636
0.7811056884417683
0.7812535595810871
0.786917696828789
0.7905980245419048
0.7873828072284585
0.7815012589171083
0.7807629271354777
0.786191904030378
0.7906096020085084
0.7881231687461523
0.7819828578144469
0.7803358732234639
0.7854205669789943
0.7905273356915549
0.788848578235072
0.7825496465959539
0.7799792866058654
0.7846087560089198
0.7903474228838753
0.7895516241252671
0.7832009248260867
0.779700187036857
0.783761431580828
0.7900657995248578
0.7902248608105088
0.7839363158926025
0.7795058652331708
0.7828833272048633
0.7896779001065861
0.7908607793546988
0.7847560224139689
0.7794040900371295
0.7819787966875884
0.7891783158371196
0.7914517515979642
0.7856611823317341
0.779403414031971
0.7810516095216402
0.788560302585247
0.7919899344765611
0.7866543753207043
0.7795136271275797
0.780104667741851
0.7878150603069302
0.7924671139001166
0.7877403611469111
0.7797464390155606
0.7791395991554134
0.7869306535148761
0.7928744546543093
0.7889271885678129
0.7801165272417194
0.7781561482179968
0.7858903476737132
0.7932020998627415
0.790227919019739
0.7806431911238242
0.7771512215610251
0.78466995680256
0.7934385210890377
0.7916634147490883
0.7813530526379308
0.7761173158189056
0.7832334391109278
0.7935694380118993
0.7932670630735105
0.7822846573642728
0.7750397785936779
0.7815252178458397
0.7935759592884102
0.7950932343306917
0.7834967302285051
0.7738917159261405
0.7794559744842436
0.7934312346647917
0.797233470335621
0.7850839760606908
0.7726237535399939
0.7768743578428163
0.7930940721961632
0.7998501656469197
0.7872098910198367
0.7711413278710038
0.7735050887059581
0.7924958886628081
0.8032546528020484
0.7901825493092718
0.7692473651216082
0.768795478305685
0.7915117666760566
0.8081169970247967
0.7946569925316692
0.7664688427567384
0.7614612998424688
0.7898913635030894
0.8161655930638487
0.8023032031501127
0.7613635731758861
0.7477206532726356
0.7871154496199011
0.8335235556373569
0.8189225468380622
0.7469257102322814
0.7098989657969706
0.7838887854989323
0.9056372687161849
0.8836020612124184
0.5645210150999861
6.301946160199127e-15
-0.5645210150999763
-0.8836020612124141
-0.9056372687161856
-0.7838887854989336
-0.7098989657969719
-0.7469257102322803
-0.8189225468380614
-0.8335235556373565
-0.7871154496199027
-0.7477206532726364
-0.7613635731758844
-0.8023032031501112
-0.8161655930638483
-0.7898913635030902
-0.7614612998424687
-0.7664688427567378
-0.7946569925316687
-0.8081169970247978
-0.7915117666760584
-0.768795478305687
-0.7692473651216074
-0.7901825493092719
-0.8032546528020482
-0.7924958886628087
-0.7735050887059585
-0.7711413278710038
-0.7872098910198339
-0.7998501656469205
-0.7930940721961612
-0.7768743578428172
-0.7726237535399965
-0.7850839760606926
-0.7972334703356211
-0.7934312346647917
-0.7794559744842452
-0.7738917159261413
-0.7834967302285042
-0.7950932343306909
-0.7935759592884092
-0.781525217845839
-0.7750397785936773
-0.7822846573642744
-0.7932670630735105
-0.7935694380118996
-0.783233439110928
-0.7761173158189056
-0.7813530526379294
-0.7916634147490864
-0.7934385210890363
-0.7846699568025594
-0.7771512215610232
-0.7806431911238216
-0.7902279190197375
-0.7932020998627392
-0.7858903476737139
-0.7781561482180002
-0.7801165272417208
-0.7889271885678156
-0.7928744546543098
-0.7869306535148752
-0.7791395991554108
-0.779746439015558
-0.7877403611469094
-0.7924671139001157
-0.7878150603069315
-0.7801046677418536
-0.7795136271275835
-0.7866543753207061
-0.7919899344765617
-0.7885603025852448
-0.7810516095216381
-0.7794034140319694
-0.7856611823317345
-0.7914517515979654
-0.7891783158371233
-0.7819787966875895
-0.779404090037129
-0.7847560224139686
-0.7908607793547032
-0.7896779001065894
-0.7828833272048668
-0.7795058652331696
-0.7839363158925992
-0.7902248608105085
-0.7900657995248577
-0.7837614315808284
-0.7797001870368593
-0.783200924826083
-0.789551624125265
-0.7903474228838744
-0.7846087560089205
-0.7799792866058677
-0.7825496465959565
-0.7888485782350692
-0.7905273356915511
-0.7854205669789931
-0.7803358732234634
-0.7819828578144499
-0.7881231687461507
-0.790609602008505
-0.7861919040303745
-0.7807629271354762
-0.7815012589171096
-0.7873828072284572
-0.7905980245419046
-0.7869176968287852
-0.7812535595810848
-0.7811056884417715
-0.7866348826394639
-0.7904963138316271
-0.7875928565424409
-0.7818009197124238
-0.7807969872079439
-0.7858867608959502
-0.790308206612473
-0.7882123476871047
-0.7823981348439477
-0.7805758995686971
-0.785145776941725
-0.7900375467007329
-0.7887712441811684
-0.78303827472081
-0.7804430033623332
-0.7844192226390126
-0.789688337420692
-0.7892647717219017
-0.783714333217276
-0.7803986631477527
-0.7837143332172752
-0.7892647717219037
-0.7896883374206894
-0.784419222639006
-0.7804430033623247
-0.7830382747208025
-0.7887712441811624
-0.790037546700727
-0.7851457769417187
-0.7805758995686934
-0.7823981348439468
-0.7882123476871046
-0.790308206612474
-0.7858867608959508
-0.780796987207946
-0.7818009197124229
-0.7875928565424425
-0.7904963138316266
-0.7866348826394622
-0.7811056884417688
-0.7812535595810878
-0.78691769682879
-0.7905980245419088
-0.7873828072284592
-0.7815012589171103
-0.7807629271354765
-0.7861919040303811
-0.7906096020085088
-0.7881231687461527
-0.7819828578144483
-0.7803358732234617
-0.785420566978994
-0.7905273356915561
-0.7888485782350723
-0.7825496465959565
-0.7799792866058654
-0.7846087560089201
-0.7903474228838765
-0.7895516241252676
-0.7832009248260875
-0.7797001870368551
-0.7837614315808259
-0.7900657995248567
-0.7902248608105111
-0.7839363158926024
-0.7795058652331684
-0.7828833272048616
-0.7896779001065837
-0.7908607793546999
-0.7847560224139689
-0.7794040900371296
-0.7819787966875882
-0.7891783158371218
-0.7914517515979619
-0.7856611823317344
-0.7794034140319728
-0.7810516095216421
-0.788560302585247
-0.7919899344765616
-0.7866543753207021
-0.7795136271275768
-0.7801046677418491
-0.7878150603069303
-0.7924671139001178
-0.7877403611469127
-0.779746439015562
-0.779139599155414
-0.7869306535148761
-0.7928744546543076
-0.7889271885678104
-0.7801165272417164
-0.7781561482179961
-0.7858903476737126
-0.793202099862742
-0.7902279190197394
-0.7806431911238233
-0.7771512215610251
-0.7846699568025618
-0.7934385210890383
-0.7916634147490851
-0.7813530526379331
-0.7761173158189034
-0.7832334391109249
-0.7935694380119003
-0.7932670630735109
-0.7822846573642754
-0.7750397785936772
-0.7815252178458415
-0.7935759592884121
-0.7950932343306902
-0.783496730228503
-0.773891715926142
-0.7794559744842431
-0.7934312346647956
-0.7972334703356218
-0.7850839760606898
-0.7726237535399967
-0.7768743578428131
-0.7930940721961579
-0.7998501656469217
-0.7872098910198354
-0.7711413278710025
-0.7735050887059559
-0.7924958886628077
-0.803254652802052
-0.7901825493092721
-0.7692473651216052
-0.7687954783056818
-0.7915117666760539
-0.8081169970247951
-0.7946569925316653
-0.7664688427567395
-0.761461299842469
-0.7898913635030929
-0.8161655930638473
-0.8023032031501164
-0.7613635731758858
-0.7477206532726373
-0.7871154496199007
-0.8335235556373544
-0.818922546838061
-0.746925710232281
-0.7098989657969761
-0.7838887854989305
-0.9056372687161859
-0.883602061212421
-0.5645210150999909
