S = 3: 

0.0
0.03679829344325522
0.07349320132199279
0.10998177377315245
0.14616193021122276
0.18193288866458876
0.21719558877967682
0.25185310643316966
0.2858110579359369
0.3189779918661099
0.35126576663263437
0.3825899119443324
0.41286997244258783
0.4420298318478181
0.46999801607040015
0.49670797384516785
0.5220983335643963
0.5461131351067408
0.5687020355882493
0.5898204880956213
0.6094298926006679
0.6274977183976608
0.6439975975512283
0.658909388990861
0.6722192130381612
0.6839194563039179
0.6940087470431057
0.7024919012062045
0.7093798395740228
0.7146894765097015
0.7184435810049992
0.7206706108375739
0.7214045207910317
0.7206845460193226
0.7185549617609344
0.7150648207256203
0.710267669586509
0.7042212461127707
0.696987158572078
0.6886305491173634
0.6792197429484491
0.6688258851055837
0.6575225668084611
0.645385443300605
0.632491845194887
0.6189203853412021
0.6047505632518619
0.5900623691240232
0.5749358894914319
0.5594509165200229
0.5436865629335516
0.5277208845166524
0.5116305120937309
0.4954902948231809
0.47937295657794493
0.4633487671057338
0.44748522957579684
0.4318467860244072
0.4164945421087656
0.4014860124693812
0.38687488788476243
0.37271082528009747
0.35903926152417964
0.3459012518168416
0.33333333333333337
0.3213674146531327
0.3100306913593992
0.2993455880524166
0.2893297268766982
0.2799959225177492
0.27135220348153444
0.26340185932829707
0.2561435133932519
0.2495712203905928
0.24367458816494603
0.23843892272657002
0.23384539558392964
0.22987123227043582
0.22648992085172875
0.22367143909651366
0.2213824988981581
0.21958680644654374
0.21824533657049353
0.2173166196008794
0.21675703904361446
0.21652113830046898
0.21656193463428358
0.2168312385438621
0.2172799766928058
0.217858516525853
0.21851699070597352
0.21920561951549883
0.2198750293848939
0.22047656574322994
0.22096259842483573
0.2212868179167365
0.22140452079103168
0.2212728827349878
0.22085121766890087
0.22010122152731093
0.2189871993724076
0.21747627460893254
0.2155385791770013
0.21314742371240747
0.2102794467825178
0.2069147424291394
0.20303696537705085
0.19863341339752472
0.1936950864493954
0.188216722355299
0.18219680890688084
0.1756375724292613
0.1685449429711225
0.1609284964216588
0.15280137398857738
0.14418017960160132
0.1350848559327869
0.12553853984772162
0.11556739821963558
0.10520044515096898
0.09446934175339208
0.08340817973705954
0.07205325015244572
0.060442798712956824
0.048616769203158806
0.036616536545471645
0.024484631157212458
0.012264456279546377
6.123233995736766e-17
-0.012264456279546256
-0.024484631157212337
-0.03661653654547154
-0.048616769203158695
-0.0604427987129567
-0.07205325015244562
-0.08340817973705941
-0.09446934175339199
-0.10520044515096885
-0.11556739821963545
-0.1255385398477215
-0.13508485593278677
-0.14418017960160126
-0.1528013739885773
-0.1609284964216587
-0.1685449429711224
-0.17563757242926126
-0.18219680890688078
-0.18821672235529893
-0.19369508644939534
-0.19863341339752466
-0.2030369653770508
-0.20691474242913935
-0.21027944678251778
-0.21314742371240747
-0.2155385791770012
-0.21747627460893257
-0.21898719937240757
-0.22010122152731085
-0.2208512176689009
-0.22127288273498777
-0.2214045207910318
-0.2212868179167365
-0.2209625984248358
-0.22047656574322988
-0.21987502938489367
-0.2192056195154985
-0.21851699070597386
-0.2178585165258532
-0.2172799766928056
-0.2168312385438622
-0.2165619346342836
-0.21652113830046885
-0.21675703904361446
-0.21731661960087942
-0.21824533657049341
-0.21958680644654352
-0.22138249889815786
-0.223671439096514
-0.2264899208517288
-0.22987123227043582
-0.23384539558392975
-0.23843892272656997
-0.24367458816494592
-0.24957122039059265
-0.2561435133932517
-0.26340185932829674
-0.2713522034815341
-0.2799959225177494
-0.2893297268766984
-0.2993455880524166
-0.3100306913593992
-0.32136741465313257
-0.33333333333333326
-0.3459012518168415
-0.3590392615241793
-0.37271082528009725
-0.3868748878847621
-0.40148601246938087
-0.4164945421087656
-0.43184678602440707
-0.4474852295757967
-0.4633487671057337
-0.47937295657794465
-0.4954902948231807
-0.5116305120937306
-0.5277208845166521
-0.5436865629335513
-0.5594509165200229
-0.5749358894914318
-0.5900623691240232
-0.604750563251862
-0.6189203853412019
-0.632491845194887
-0.6453854433006048
-0.657522566808461
-0.6688258851055836
-0.6792197429484488
-0.6886305491173634
-0.6969871585720782
-0.7042212461127708
-0.7102676695865087
-0.7150648207256202
-0.7185549617609341
-0.7206845460193226
-0.7214045207910318
-0.7206706108375742
-0.7184435810049992
-0.7146894765097016
-0.7093798395740232
-0.702491901206205
-0.6940087470431056
-0.6839194563039177
-0.6722192130381612
-0.6589093889908612
-0.6439975975512284
-0.6274977183976609
-0.6094298926006682
-0.5898204880956218
-0.5687020355882497
-0.5461131351067413
-0.5220983335643968
-0.49670797384516774
-0.4699980160703999
-0.4420298318478183
-0.41286997244258816
-0.38258991194433273
-0.3512657666326347
-0.31897799186611014
-0.2858110579359377
-0.2518531064331704
-0.2171955887796776
-0.18193288866458865
-0.14616193021122262
-0.1099817737731523
-0.07349320132199319
-0.03679829344325561
-3.6739403974420594e-16
0.03679829344325487
0.07349320132199245
0.10998177377315156
0.14616193021122192
0.18193288866458796
0.21719558877967687
0.2518531064331697
0.28581105793593703
0.31897799186610953
0.35126576663263404
0.3825899119443321
0.4128699724425875
0.44202983184781763
0.4699980160703995
0.49670797384516724
0.5220983335643963
0.5461131351067409
0.5687020355882493
0.5898204880956214
0.6094298926006678
0.6274977183976606
0.6439975975512281
0.6589093889908608
0.6722192130381609
0.6839194563039174
0.6940087470431054
0.7024919012062047
0.7093798395740231
0.7146894765097015
0.7184435810049992
0.7206706108375741
0.7214045207910318
0.7206845460193227
0.7185549617609343
0.7150648207256203
0.7102676695865088
0.7042212461127709
0.6969871585720783
0.6886305491173635
0.679219742948449
0.6688258851055836
0.6575225668084616
0.6453854433006053
0.6324918451948872
0.6189203853412022
0.6047505632518619
0.5900623691240231
0.5749358894914325
0.5594509165200232
0.5436865629335517
0.5277208845166524
0.5116305120937308
0.4954902948231813
0.4793729565779452
0.463348767105734
0.44748522957579706
0.4318467860244073
0.4164945421087658
0.40148601246938126
0.38687488788476254
0.3727108252800975
0.35903926152417964
0.3459012518168417
0.3333333333333335
0.3213674146531328
0.3100306913593994
0.29934558805241684
0.28932972687669856
0.27999592251774963
0.27135220348153466
0.26340185932829685
0.25614351339325236
0.24957122039059274
0.24367458816494675
0.2384389227265703
0.23384539558392914
0.22987123227043582
0.22648992085172842
0.2236714390965141
0.2213824988981582
0.21958680644654366
0.21824533657049316
0.21731661960087986
0.21675703904361446
0.21652113830046957
0.2165619346342839
0.21683123854386152
0.21727997669280566
0.2178585165258528
0.21851699070597386
0.21920561951549877
0.21987502938489378
0.22047656574322966
0.22096259842483607
0.2212868179167365
0.22140452079103207
0.22127288273498802
0.22085121766890042
0.22010122152731101
0.21898719937240751
0.21747627460893273
0.21553857917700128
0.21314742371240752
0.21027944678251775
0.20691474242913965
0.2030369653770509
0.1986334133975246
0.19369508644939537
0.188216722355299
0.18219680890688095
0.17563757242926128
0.16854494297112257
0.16092849642165868
0.15280137398857735
0.1441801796016016
0.13508485593278705
0.12553853984772168
0.11556739821963562
0.10520044515096882
0.09446934175339242
0.0834081797370599
0.07205325015244583
0.06044279871295694
0.04861676920315864
0.036616536545471486
0.024484631157212878
0.0122644562795465
1.83697019872103e-16
-0.012264456279546133
-0.02448463115721251
-0.036616536545471125
-0.04861676920315828
-0.06044279871295659
-0.07205325015244549
-0.08340817973705958
-0.0944693417533921
-0.10520044515096853
-0.1155673982196353
-0.12553853984772143
-0.13508485593278677
-0.1441801796016013
-0.1528013739885771
-0.16092849642165843
-0.16854494297112238
-0.1756375724292611
-0.18219680890688078
-0.18821672235529882
-0.19369508644939526
-0.19863341339752447
-0.20303696537705074
-0.20691474242913951
-0.2102794467825177
-0.21314742371240744
-0.21553857917700117
-0.21747627460893265
-0.2189871993724074
-0.220101221527311
-0.2208512176689004
-0.221272882734988
-0.22140452079103212
-0.2212868179167365
-0.22096259842483612
-0.22047656574322966
-0.21987502938489384
-0.21920561951549883
-0.21851699070597388
-0.2178585165258528
-0.21727997669280566
-0.2168312385438615
-0.21656193463428391
-0.2165211383004696
-0.21675703904361446
-0.21731661960087983
-0.2182453365704931
-0.2195868064465437
-0.22138249889815814
-0.223671439096514
-0.22648992085172837
-0.2298712322704357
-0.23384539558392897
-0.2384389227265697
-0.24367458816494614
-0.24957122039059224
-0.2561435133932525
-0.26340185932829696
-0.27135220348153466
-0.27999592251774885
-0.28932972687669833
-0.29934558805241607
-0.3100306913593991
-0.3213674146531319
-0.33333333333333315
-0.3459012518168417
-0.3590392615241793
-0.37271082528009747
-0.38687488788476176
-0.40148601246938087
-0.416494542108765
-0.43184678602440685
-0.4474852295757963
-0.4633487671057335
-0.47937295657794443
-0.4954902948231808
-0.511630512093731
-0.5277208845166526
-0.5436865629335508
-0.5594509165200222
-0.5749358894914314
-0.5900623691240225
-0.6047505632518616
-0.6189203853412016
-0.6324918451948869
-0.6453854433006049
-0.6575225668084612
-0.6688258851055838
-0.6792197429484493
-0.6886305491173638
-0.6969871585720775
-0.7042212461127703
-0.7102676695865088
-0.71506482072562
-0.7185549617609345
-0.7206845460193227
-0.721404520791032
-0.7206706108375741
-0.7184435810049992
-0.7146894765097019
-0.709379839574023
-0.7024919012062046
-0.6940087470431054
-0.6839194563039183
-0.6722192130381612
-0.6589093889908618
-0.6439975975512287
-0.6274977183976604
-0.6094298926006684
-0.5898204880956212
-0.5687020355882497
-0.5461131351067406
-0.5220983335643973
-0.4967079738451683
-0.46999801607040126
-0.4420298318478185
-0.4128699724425892
-0.382589911944333
-0.3512657666326342
-0.3189779918661105
-0.2858110579359367
-0.2518531064331702
-0.21719558877967654
-0.18193288866459043
-0.14616193021122356
-0.1099817737731541
-0.07349320132199355
-0.036798293443256865

S = 10: 

0.0
0.12224505176619468
0.24167207240237232
0.355574087049459
0.4614610379955531
0.5571555186426089
0.6408739627508305
0.7112896073292142
0.7675744670735679
0.8094186123721684
0.8370261758702067
0.8510886647509471
0.8527372669252801
0.8434768514946954
0.8251052251549391
0.7996218731291195
0.7691308530513478
0.7357427027482933
0.7014801613513766
0.668192194602869
0.6374802797822872
0.6106401755190844
0.5886215190800321
0.5720066083608667
0.5610086924073447
0.5554890692100205
0.5549913277356564
0.5587902232458123
0.5659519843437844
0.5754023508862187
0.5859983567263115
0.5965998107926416
0.6061365921773523
0.613668245321497
0.6184329143619874
0.6198833559102559
0.617708574145669
0.6118404833704263
0.6024458711893138
0.5899047610781104
0.5747770106294912
0.5577595916002821
0.5396374486042834
0.521231103305143
0.5033442495429699
0.4867144725306122
0.4719699336518386
0.4595944131807622
0.44990252677878056
0.44302626499229597
0.4389132896744207
0.4373367006961461
0.4379153032301328
0.4401427998423646
0.4434238367318398
0.4471144764877904
0.4505644686733399
0.45315865269973415
0.4543549531469782
0.45371670454369
0.4509374504426018
0.4458568727681338
0.4384670885639789
0.42890916557729597
0.4174603174603175
0.4045128066817732
0.3905460747238567
0.3760940062584366
0.3617094951072739
0.3479286013435705
0.3352365661108826
0.32403778776508263
0.31463157245108886
0.30719507448324873
0.30177436342999076
0.2982840266601037
0.2965151718943206
0.29615116807933695
0.2967899870730956
0.2979716119947334
0.2992086841064036
0.30001838550393783
0.2999535087945294
0.298630748317705
0.295754453242169
0.29113439644538586
0.284696513333032
0.2764860254286282
0.26666285496784214
0.2554897276215139
0.24331382000851712
0.23054320832844025
0.21761968980213867
0.20498976076577544
0.1930756320048173
0.1822481383906273
0.17280325884401898
0.16494371420102366
0.15876677145234988
0.15425897536940764
0.15129807911434565
0.1496619828664635
0.1490440431728805
0.14907371377240924
0.1493411461524214
0.1494241356086519
0.1489156607853295
0.1474502395607859
0.14472741252247975
0.1405308607787587
0.13474195438372483
0.127346892239402
0.11843701037897081
0.10820227629142645
0.09691842426072629
0.08492859275688128
0.0726206740371877
0.06040185631887246
0.04867201328926326
0.03779766358545096
0.028088180258042925
0.019775780211932242
0.013000576077112198
0.007801643953854409
0.0041146711810432154
0.0017763236576298566
0.0005350394629137813
6.754220185950684e-05
0.0
-6.754220185950684e-05
-0.0005350394629137709
-0.0017763236576298636
-0.004114671181043139
-0.0078016439538543605
-0.01300057607711215
-0.019775780211932284
-0.02808818025804285
-0.037797663585450655
-0.04867201328926333
-0.06040185631887232
-0.07262067403718733
-0.0849285927568812
-0.09691842426072621
-0.10820227629142648
-0.11843701037897067
-0.12734689223940193
-0.13474195438372458
-0.14053086077875876
-0.14472741252247986
-0.1474502395607855
-0.14891566078532953
-0.14942413560865225
-0.14934114615242122
-0.14907371377240924
-0.14904404317288
-0.14966198286646346
-0.1512980791143459
-0.15425897536940747
-0.15876677145234963
-0.16494371420102372
-0.17280325884401898
-0.1822481383906273
-0.1930756320048172
-0.20498976076577527
-0.21761968980213822
-0.2305432083284397
-0.24331382000851778
-0.25548972762151395
-0.2666628549678418
-0.27648602542862843
-0.2846965133330317
-0.2911343964453854
-0.2957544532421687
-0.29863074831770536
-0.29995350879452914
-0.30001838550393733
-0.2992086841064031
-0.29797161199473404
-0.29678998707309573
-0.2961511680793369
-0.2965151718943206
-0.29828402666010373
-0.3017743634299908
-0.30719507448324895
-0.3146315724510886
-0.3240377877650823
-0.3352365661108825
-0.3479286013435709
-0.36170949510727346
-0.37609400625843625
-0.3905460747238566
-0.4045128066817728
-0.41746031746031725
-0.42890916557729597
-0.4384670885639786
-0.44585687276813396
-0.45093745044260236
-0.4537167045436902
-0.45435495314697766
-0.4531586526997341
-0.4505644686733399
-0.44711447648779035
-0.44342383673183955
-0.4401427998423644
-0.4379153032301325
-0.4373367006961461
-0.4389132896744203
-0.44302626499229597
-0.4499025267787812
-0.45959441318076255
-0.47196993365183826
-0.48671447253061206
-0.5033442495429699
-0.5212311033051434
-0.5396374486042831
-0.5577595916002819
-0.5747770106294907
-0.5899047610781105
-0.6024458711893135
-0.6118404833704262
-0.6177085741456687
-0.6198833559102558
-0.6184329143619877
-0.613668245321497
-0.6061365921773524
-0.5965998107926421
-0.5859983567263115
-0.5754023508862188
-0.5659519843437845
-0.5587902232458128
-0.5549913277356565
-0.5554890692100202
-0.5610086924073445
-0.5720066083608666
-0.5886215190800317
-0.6106401755190841
-0.637480279782287
-0.6681921946028685
-0.7014801613513763
-0.735742702748293
-0.7691308530513475
-0.7996218731291187
-0.8251052251549389
-0.8434768514946953
-0.8527372669252802
-0.8510886647509472
-0.8370261758702069
-0.8094186123721686
-0.7675744670735689
-0.7112896073292155
-0.640873962750832
-0.5571555186426091
-0.461461037995553
-0.3555740870494588
-0.24167207240237365
-0.12224505176619557
-1.2246467991473533e-15
0.12224505176619316
0.24167207240237126
0.35557408704945653
0.46146103799555105
0.5571555186426074
0.6408739627508304
0.7112896073292141
0.767574467073568
0.8094186123721678
0.8370261758702064
0.851088664750947
0.8527372669252802
0.843476851494696
0.825105225154939
0.7996218731291193
0.7691308530513482
0.7357427027482938
0.7014801613513773
0.6681921946028693
0.6374802797822876
0.6106401755190847
0.5886215190800322
0.5720066083608667
0.5610086924073444
0.5554890692100201
0.5549913277356563
0.5587902232458126
0.5659519843437844
0.5754023508862186
0.5859983567263112
0.5965998107926418
0.6061365921773524
0.613668245321497
0.6184329143619878
0.6198833559102561
0.6177085741456684
0.6118404833704263
0.6024458711893139
0.5899047610781103
0.5747770106294914
0.5577595916002824
0.5396374486042836
0.5212311033051436
0.50334424954297
0.4867144725306123
0.4719699336518384
0.45959441318076283
0.44990252677878145
0.4430262649922963
0.4389132896744204
0.43733670069614544
0.437915303230133
0.44014279984236526
0.44342383673183966
0.4471144764877906
0.4505644686733395
0.4531586526997333
0.4543549531469781
0.45371670454369045
0.45093745044260225
0.44585687276813407
0.43846708856397915
0.42890916557729575
0.41746031746031775
0.4045128066817735
0.3905460747238567
0.37609400625843703
0.3617094951072743
0.3479286013435704
0.3352365661108827
0.32403778776508263
0.314631572451089
0.30719507448324895
0.3017743634299911
0.29828402666010373
0.29651517189432014
0.2961511680793367
0.2967899870730952
0.297971611994734
0.2992086841064038
0.30001838550393767
0.2999535087945283
0.2986307483177063
0.2957544532421692
0.291134396445387
0.2846965133330326
0.2764860254286268
0.2666628549678425
0.25548972762151373
0.24331382000851753
0.23054320832844008
0.21761968980213856
0.204989760765775
0.1930756320048177
0.18224813839062762
0.17280325884401943
0.16494371420102424
0.15876677145234977
0.15425897536940736
0.1512980791143452
0.14966198286646473
0.14904404317288053
0.14907371377240963
0.1493411461524218
0.14942413560865223
0.1489156607853288
0.14745023956078537
0.1447274125224793
0.1405308607787584
0.134741954383725
0.12734689223940202
0.11843701037897064
0.10820227629142634
0.09691842426072615
0.08492859275688222
0.07262067403718837
0.06040185631887285
0.048672013289263356
0.03779766358545069
0.028088180258043403
0.019775780211932215
0.01300057607711301
0.007801643953854152
0.004114671181043188
0.0017763236576291835
0.0005350394629137084
6.7542201858636e-05
-5.639228061588096e-17
-6.754220185851284e-05
-0.0005350394629135627
-0.0017763236576292668
-0.004114671181043729
-0.007801643953853507
-0.013000576077112476
-0.01977578021193223
-0.028088180258043313
-0.03779766358545024
-0.048672013289262836
-0.060401856318872696
-0.07262067403718789
-0.08492859275688143
-0.09691842426072622
-0.10820227629142518
-0.11843701037897122
-0.1273468922394021
-0.13474195438372458
-0.14053086077875798
-0.14472741252247961
-0.14745023956078532
-0.14891566078532864
-0.149424135608652
-0.14934114615242164
-0.14907371377240936
-0.14904404317288064
-0.14966198286646432
-0.15129807911434467
-0.15425897536940764
-0.15876677145234938
-0.16494371420102405
-0.17280325884401954
-0.1822481383906271
-0.19307563200481798
-0.2049897607657746
-0.21761968980213828
-0.2305432083284401
-0.24331382000851678
-0.2554897276215137
-0.26666285496784176
-0.2764860254286273
-0.2846965133330317
-0.2911343964453865
-0.2957544532421694
-0.2986307483177059
-0.29995350879452864
-0.300018385503938
-0.2992086841064035
-0.29797161199473426
-0.2967899870730952
-0.2961511680793368
-0.2965151718943194
-0.29828402666010384
-0.3017743634299909
-0.3071950744832481
-0.31463157245108875
-0.32403778776508235
-0.33523656611088204
-0.34792860134356995
-0.36170949510727407
-0.3760940062584371
-0.3905460747238565
-0.4045128066817732
-0.41746031746031736
-0.4289091655772954
-0.4384670885639797
-0.44585687276813296
-0.4509374504426013
-0.4537167045436898
-0.4543549531469784
-0.4531586526997333
-0.4505644686733391
-0.4471144764877903
-0.4434238367318405
-0.4401427998423646
-0.4379153032301339
-0.43733670069614594
-0.43891328967442084
-0.44302626499229547
-0.44990252677878084
-0.4595944131807623
-0.47196993365183787
-0.4867144725306114
-0.5033442495429699
-0.5212311033051418
-0.5396374486042836
-0.5577595916002819
-0.5747770106294906
-0.5899047610781101
-0.6024458711893137
-0.6118404833704258
-0.6177085741456684
-0.6198833559102557
-0.6184329143619879
-0.6136682453214972
-0.6061365921773528
-0.5965998107926418
-0.5859983567263117
-0.5754023508862198
-0.5659519843437848
-0.5587902232458122
-0.5549913277356556
-0.5554890692100202
-0.5610086924073445
-0.5720066083608665
-0.5886215190800317
-0.6106401755190841
-0.6374802797822864
-0.6681921946028686
-0.7014801613513763
-0.7357427027482932
-0.7691308530513468
-0.7996218731291189
-0.8251052251549388
-0.8434768514946955
-0.8527372669252807
-0.8510886647509472
-0.837026175870206
-0.8094186123721689
-0.7675744670735675
-0.7112896073292152
-0.6408739627508303
-0.5571555186426128
-0.4614610379955553
-0.35557408704946325
-0.24167207240237404
-0.12224505176619865

S = 50: 

0.0
0.5630796092276182
0.8744388885656825
0.8845928924996572
0.7544896444656296
0.6786411470060625
0.71458450931475
0.779512979622191
0.782305417872706
0.7269367704072437
0.6852112223801272
0.6980656150509786
0.7326036782969623
0.7348021186458691
0.6989953770550754
0.6677126248075398
0.6721599601231625
0.6946196053313011
0.6966309834169468
0.6699613784338824
0.6438259978705507
0.6438766745191217
0.6597554612494111
0.6616630457576559
0.6403541251861622
0.6173391775436846
0.6146616955238233
0.6263377669277026
0.6281638770526379
0.6104235258514892
0.5895421483872969
0.5849922350247385
0.5937084475114424
0.5954572392280818
0.5802935101034048
0.5609931368289915
0.5550699668504779
0.5615568819911719
0.5632255317843183
0.5500311254000146
0.53197269942894
0.524994433726416
0.5297175334903305
0.5313000412921998
0.5196754889663618
0.5026371662238651
0.4948203343960381
0.4980941786607373
0.4995829003182426
0.4892508499703117
0.473080500269075
0.46458019680473656
0.4666271087306669
0.4680134498891884
0.45877298825329654
0.4433625553398871
0.4342945794467891
0.4352773377052352
0.43655209394123673
0.4282525813451264
0.41352325247201877
0.40397712523349877
0.4040183516292553
0.40517188304975466
0.3976970856793787
0.3835902320339299
0.37363726101569933
0.372831508882306
0.373853830206105
0.36711184168796174
0.35358323444616996
0.34328172982240884
0.34170333679762943
0.3425841606613356
0.3365007508549553
0.3235167326033727
0.31291550544293617
0.3106238715782031
0.31135262371573824
0.3058667054471305
0.2934015793913817
0.2825423622059056
0.2795856004892727
0.2801514163471082
0.2752118694408166
0.2632460752228924
0.2521652434959076
0.24858276624240752
0.24897447396081393
0.24453786665694152
0.23305668090330525
0.22178650833330865
0.21761089700847935
0.21781698916614836
0.21384590911867063
0.2028385064527422
0.19140810177052603
0.18666648139200828
0.1866750764074804
0.18313688569668118
0.17259565437006053
0.16103167652136272
0.15574673913000414
0.15554553221974296
0.152411423547356
0.14233146600722563
0.1306586828469436
0.12484945659393189
0.12442565943412832
0.12166993028382832
0.11204870209967152
0.10029043764907257
0.0939728671905293
0.09331313476424198
0.09091262196785709
0.0817496777797988
0.06992818009264254
0.06311556357805594
0.06220590601097208
0.06013954016134866
0.051436365719532695
0.03957311888644862
0.03227643295307489
0.03110210937103906
0.029350560020094278
0.021110476798831858
0.009226475042641121
0.001454609497285016
2.199960197345059e-17
-0.001454609497284931
-0.009226475042640906
-0.021110476798831834
-0.029350560020093824
-0.0311021093710389
-0.0322764329530749
-0.03957311888644862
-0.0514363657195324
-0.060139540161348475
-0.06220590601097235
-0.06311556357805659
-0.06992818009264301
-0.08174967777979898
-0.09091262196785721
-0.09331313476424205
-0.09397286719052991
-0.10029043764907311
-0.11204870209967185
-0.1216699302838277
-0.12442565943412742
-0.12484945659393223
-0.13065868284694418
-0.14233146600722607
-0.15241142354735612
-0.15554553221974213
-0.15574673913000303
-0.16103167652136302
-0.17259565437006155
-0.18313688569668093
-0.18667507640747863
-0.18666648139200587
-0.1914081017705262
-0.20283850645274376
-0.21384590911867224
-0.2178169891661497
-0.21761089700847852
-0.22178650833330704
-0.2330566809033049
-0.24453786665694185
-0.24897447396081496
-0.248582766242408
-0.25216524349590613
-0.2632460752228907
-0.27521186944081544
-0.28015141634710894
-0.2795856004892734
-0.2825423622059048
-0.29340157939138134
-0.3058667054471303
-0.31135262371573796
-0.31062387157820226
-0.31291550544293445
-0.3235167326033723
-0.33650075085495657
-0.34258416066133607
-0.34170333679762943
-0.34328172982240934
-0.3535832344461702
-0.3671118416879641
-0.3738538302061072
-0.3728315088823071
-0.37363726101570055
-0.3835902320339311
-0.39769708567937934
-0.40517188304975404
-0.40401835162925426
-0.403977125233496
-0.4135232524720174
-0.4282525813451262
-0.4365520939412368
-0.4352773377052361
-0.43429457944678945
-0.4433625553398864
-0.45877298825329627
-0.4680134498891886
-0.4666271087306681
-0.46458019680473744
-0.4730805002690744
-0.48925084997031126
-0.4995829003182427
-0.4980941786607385
-0.4948203343960382
-0.5026371662238648
-0.5196754889663612
-0.5313000412921993
-0.5297175334903319
-0.5249944337264142
-0.5319726994289385
-0.5500311254000138
-0.5632255317843161
-0.5615568819911727
-0.5550699668504774
-0.5609931368289924
-0.5802935101034061
-0.595457239228082
-0.5937084475114421
-0.5849922350247385
-0.5895421483872946
-0.6104235258514883
-0.6281638770526373
-0.6263377669277035
-0.614661695523825
-0.617339177543686
-0.6403541251861617
-0.6616630457576558
-0.6597554612494114
-0.6438766745191213
-0.6438259978705506
-0.6699613784338819
-0.696630983416948
-0.6946196053313033
-0.6721599601231623
-0.6677126248075378
-0.6989953770550753
-0.7348021186458681
-0.732603678296963
-0.6980656150509797
-0.6852112223801259
-0.7269367704072421
-0.7823054178727052
-0.7795129796221922
-0.7145845093147519
-0.6786411470060627
-0.7544896444656269
-0.8845928924996548
-0.8744388885656845
-0.5630796092276237
-7.028617296874734e-15
0.563079609227613
0.8744388885656812
0.8845928924996572
0.7544896444656302
0.6786411470060625
0.7145845093147493
0.7795129796221907
0.7823054178727067
0.726936770407245
0.6852112223801273
0.6980656150509791
0.7326036782969618
0.7348021186458686
0.6989953770550763
0.6677126248075403
0.672159960123163
0.694619605331303
0.696630983416948
0.6699613784338827
0.6438259978705517
0.6438766745191224
0.659755461249411
0.661663045757655
0.6403541251861595
0.6173391775436834
0.6146616955238227
0.6263377669277023
0.6281638770526387
0.6104235258514914
0.5895421483872968
0.5849922350247391
0.593708447511442
0.5954572392280811
0.5802935101034042
0.5609931368289912
0.5550699668504764
0.5615568819911733
0.5632255317843192
0.5500311254000153
0.5319726994289399
0.524994433726416
0.5297175334903298
0.5313000412921992
0.519675488966362
0.5026371662238639
0.4948203343960383
0.4980941786607361
0.499582900318241
0.48925084997031176
0.47308050026907494
0.46458019680473556
0.4666271087306669
0.46801344988918897
0.4587729882532968
0.44336255533988833
0.43429457944678945
0.43527733770523264
0.43655209394123684
0.42825258134512767
0.41352325247202176
0.40397712523350043
0.4040183516292576
0.4051718830497553
0.397697085679378
0.38359023203392895
0.373637261015698
0.3728315088823041
0.3738538302061053
0.36711184168795996
0.3535832344461692
0.3432817298224085
0.3417033367976305
0.34258416066133485
0.336500750854957
0.32351673260337477
0.31291550544293645
0.3106238715782038
0.3113526237157393
0.30586670544713057
0.29340157939138145
0.2825423622059056
0.2795856004892722
0.280151416347109
0.2752118694408171
0.26324607522289395
0.2521652434959094
0.24858276624240416
0.24897447396081301
0.24453786665694074
0.23305668090330592
0.2217865083333098
0.2176108970084798
0.2178169891661453
0.2138459091186676
0.20283850645274126
0.19140810177052617
0.18666648139201192
0.18667507640748196
0.18313688569668232
0.17259565437005928
0.1610316765213629
0.15574673913000517
0.15554553221974485
0.1524114235473562
0.14233146600722565
0.13065868284694335
0.12484945659393028
0.12442565943412914
0.12166993028382901
0.11204870209967135
0.10029043764907475
0.0939728671905263
0.09331313476424251
0.09091262196785488
0.08174967777979893
0.06992818009264207
0.06311556357805492
0.062205906010971306
0.060139540161346663
0.05143636571953308
0.03957311888645158
0.03227643295307596
0.031102109371037787
0.02935056002009495
0.021110476798831525
0.009226475042640564
0.0014546094972838972
-6.416362470871357e-16
-0.0014546094972829552
-0.009226475042640214
-0.021110476798830467
-0.02935056002009464
-0.031102109371036486
-0.032276432953074766
-0.03957311888645106
-0.0514363657195332
-0.060139540161346795
-0.06220590601097218
-0.0631155635780561
-0.06992818009264282
-0.08174967777979956
-0.09091262196785574
-0.09331313476424204
-0.09397286719053051
-0.10029043764907628
-0.11204870209967069
-0.12166993028382415
-0.1244256594341264
-0.12484945659392896
-0.13065868284694418
-0.14233146600722724
-0.15241142354735576
-0.15554553221974135
-0.15574673913000392
-0.16103167652136405
-0.17259565437006144
-0.18313688569668146
-0.18667507640747552
-0.1866664813920055
-0.19140810177052514
-0.20283850645274498
-0.21384590911867582
-0.21781698916614986
-0.21761089700848021
-0.22178650833330738
-0.23305668090330472
-0.24453786665694174
-0.24897447396081523
-0.24858276624240702
-0.2521652434959062
-0.2632460752228935
-0.27521186944081777
-0.2801514163471099
-0.2795856004892714
-0.2825423622059051
-0.293401579391382
-0.30586670544712685
-0.31135262371573597
-0.3106238715782013
-0.3129155054429326
-0.3235167326033731
-0.3365007508549548
-0.34258416066133557
-0.3417033367976252
-0.34328172982240773
-0.35358323444617146
-0.3671118416879638
-0.3738538302061098
-0.3728315088823105
-0.37363726101570255
-0.3835902320339315
-0.39769708567937945
-0.4051718830497508
-0.4040183516292528
-0.4039771252334944
-0.4135232524720139
-0.42825258134512556
-0.43655209394123756
-0.4352773377052352
-0.434294579446786
-0.44336255533988617
-0.4587729882532965
-0.4680134498891897
-0.4666271087306708
-0.46458019680473805
-0.4730805002690734
-0.4892508499703097
-0.4995829003182403
-0.498094178660739
-0.494820334396038
-0.5026371662238639
-0.5196754889663611
-0.5313000412921979
-0.5297175334903278
-0.5249944337264166
-0.5319726994289403
-0.5500311254000111
-0.5632255317843172
-0.5615568819911692
-0.5550699668504774
-0.560993136828991
-0.5802935101034078
-0.5954572392280818
-0.5937084475114435
-0.5849922350247393
-0.589542148387295
-0.6104235258514908
-0.6281638770526394
-0.6263377669277026
-0.6146616955238249
-0.6173391775436875
-0.6403541251861624
-0.6616630457576552
-0.6597554612494115
-0.6438766745191209
-0.6438259978705476
-0.6699613784338817
-0.6966309834169457
-0.6946196053313007
-0.6721599601231611
-0.6677126248075388
-0.6989953770550744
-0.7348021186458698
-0.7326036782969642
-0.6980656150509776
-0.6852112223801239
-0.7269367704072407
-0.7823054178727038
-0.7795129796221938
-0.7145845093147501
-0.6786411470060629
-0.7544896444656263
-0.8845928924996567
-0.8744388885656851
-0.5630796092276318
