-2.5335532988461175e-15
0.13182440513880256
0.2454946669811273
0.32682693746019525
0.3685457475742312
0.371449833850127
0.3435630258364337
0.29758290487210287
0.24739107885307093
0.20460765941990616
0.1761029653579925
0.1630531318839031
0.16165015618314882
0.16509850593681527
0.1661915215185567
0.15965435436321526
0.1435837307212002
0.1196487550348252
0.09212650665620575
0.06619994507917547
0.04613757525111274
0.03395573527927648
0.028956150414637418
0.02821348521828618
0.027770042339895388
0.024080444804831003
0.015201010618504525
0.0013412474323293423
-0.015363346514500243
-0.03172523267650985
-0.04468296192706632
-0.05235937541605258
-0.05464317786204218
-0.053122119589894046
-0.05042903138868486
-0.04926095393686965
-0.051430332637320254
-0.057277032862687045
-0.06562765916175145
-0.07428888383294102
-0.08087598928905682
-0.08367018124850427
-0.08220226232977566
-0.07736963643958256
-0.0710657187589902
-0.06547298794723778
-0.06228298386744804
-0.06212170870959152
-0.06437558774519256
-0.06746434508966093
-0.06944754148641545
-0.06873762761064475
-0.06466267835039799
-0.057684061729186116
-0.04920317730700548
-0.041039371514193485
-0.034775286036419134
-0.031206891112779984
-0.03009101184392146
-0.03027156492225304
-0.03012851252023947
-0.028180133787821453
-0.023619229519845148
-0.016593358625253605
-0.008135568031393224
0.00022069963901796423
0.006996833635043053
0.011291477298956512
0.013083790518180288
0.01321397023272293
0.013055345333497847
0.014002503407518869
0.016963116016997574
0.022035821143429266
0.02848602658699926
0.035022364182967884
0.04026857732530251
0.04325748761394374
0.04376900887473869
0.042393458811857715
0.04030225491457253
0.03881358164482742
0.03891285621899239
0.04090143549594196
0.04429806708409064
0.04802466292051282
0.050805123981979304
0.051630275660349396
0.05012028242061178
0.04665522378486827
0.0422298432881525
0.03808850770629099
0.03527494798072069
0.03426040236909029
0.034783501871015865
0.03595724828473624
0.03660138889652583
0.03567757339967332
0.03266887564794237
0.027767002935088485
0.021801367545302465
0.015938116258469637
0.011260098650216861
0.008380797945459392
0.007231639215015047
0.0070982202674351735
0.006890358455718195
0.005546364366433864
0.002424111843458734
-0.002462708873875704
-0.008447768713011863
-0.014452083917236357
-0.019372436664274833
-0.022476604088678118
-0.0236620732079074
-0.02348512223416237
-0.0229508211369421
-0.023141207842835923
-0.02481723729217829
-0.028139078660485928
-0.03260589247650246
-0.03723627332333372
-0.04092316949182744
-0.042833960666584105
-0.042710295438765804
-0.040958976672955213
-0.03850122915301575
-0.03643545567670146
-0.035636247653954865
-0.0364354556767017
-0.03850122915301641
-0.04095897667295622
-0.04271029543876717
-0.04283396066658583
-0.04092316949182942
-0.037236273323335775
-0.03260589247650443
-0.028139078660487624
-0.024817237292179568
-0.023141207842836773
-0.022950821136942603
-0.023485122234162707
-0.023662073207907672
-0.02247660408867846
-0.019372436664275374
-0.014452083917237036
-0.00844776871301255
-0.0024627088738762297
0.0024241118434584117
0.005546364366433945
0.006890358455718572
0.007098220267435791
0.007231639215015684
0.008380797945459931
0.011260098650217274
0.015938116258469845
0.021801367545302507
0.027767002935088516
0.03266887564794249
0.035677573399673604
0.036601388896526275
0.03595724828473676
0.034783501871016365
0.034260402369090635
0.035274947980720804
0.038088507706290804
0.042229843288152186
0.04665522378486783
0.05012028242061145
0.05163027566034924
0.050805123981979394
0.0480246629205131
0.04429806708409096
0.04090143549594226
0.03891285621899243
0.03881358164482725
0.04030225491457214
0.04239345881185729
0.04376900887473832
0.0432574876139436
0.04026857732530274
0.03502236418296846
0.028486026587000026
0.02203582114343008
0.01696311601699831
0.014002503407519325
0.013055345333498067
0.013213970232722956
0.013083790518180306
0.011291477298956576
0.006996833635043364
0.0002206996390184248
-0.008135568031392532
-0.016593358625252817
-0.023619229519844576
-0.028180133787821145
-0.030128512520239552
-0.030271564922253493
-0.030091011843922117
-0.03120689111278064
-0.0347752860364196
-0.04103937151419367
-0.04920317730700538
-0.05768406172918575
-0.06466267835039753
-0.06873762761064442
-0.06944754148641527
-0.067464345089661
-0.06437558774519293
-0.062121708709591994
-0.06228298386744848
-0.06547298794723798
-0.07106571875899022
-0.07736963643958235
-0.08220226232977529
-0.08367018124850387
-0.08087598928905662
-0.07428888383294102
-0.06562765916175159
-0.05727703286268727
-0.0514303326373205
-0.049260953936869765
-0.050429031388684896
-0.05312211958989393
-0.05464317786204211
-0.05235937541605269
-0.04468296192706662
-0.03172523267651036
-0.015363346514500937
0.001341247432328522
0.015201010618503824
0.024080444804830407
0.027770042339894982
0.028213485218285886
0.028956150414637165
0.03395573527927607
0.04613757525111205
0.06619994507917445
0.09212650665620446
0.1196487550348238
0.14358373072119907
0.15965435436321465
0.16619152151855648
0.16509850593681547
0.1616501561831492
0.16305313188390344
0.17610296535799244
0.20460765941990552
0.24739107885306968
0.29758290487210126
0.3435630258364322
0.371449833850126
0.36854574757423153
0.32682693746019714
0.2454946669811305
0.131824405138807
2.80921179883158e-15
-0.13182440513880206
-0.24549466698112662
-0.3268269374601945
-0.36854574757423053
-0.3714498338501264
-0.3435630258364334
-0.29758290487210276
-0.24739107885307104
-0.20460765941990638
-0.17610296535799272
-0.16305313188390322
-0.16165015618314882
-0.16509850593681516
-0.16619152151855648
-0.1596543543632151
-0.14358373072120015
-0.1196487550348253
-0.09212650665620606
-0.06619994507917597
-0.04613757525111334
-0.033955735279277074
-0.02895615041463789
-0.028213485218286444
-0.027770042339895423
-0.024080444804830844
-0.01520101061850425
-0.0013412474323290717
0.015363346514500399
0.03172523267650982
0.044682961927066084
0.05235937541605218
0.05464317786204171
0.0531221195898936
0.050429031388684556
0.04926095393686955
0.05143033263732035
0.05727703286268728
0.06562765916175173
0.07428888383294124
0.08087598928905687
0.08367018124850416
0.08220226232977541
0.07736963643958228
0.07106571875898998
0.06547298794723778
0.062282983867448315
0.06212170870959209
0.06437558774519336
0.06746434508966184
0.06944754148641634
0.06873762761064542
0.06466267835039835
0.057684061729186144
0.0492031773070052
0.04103937151419301
0.03477528603641861
0.031206891112779554
0.030091011843921232
0.030271564922253053
0.030128512520239698
0.028180133787821814
0.023619229519845523
0.01659335862525389
0.008135568031393349
-0.00022069963901802148
-0.006996833635043256
-0.011291477298956786
-0.013083790518180545
-0.013213970232723096
-0.013055345333497888
-0.014002503407518806
-0.016963116016997463
-0.022035821143429203
-0.028486026586999336
-0.03502236418296816
-0.04026857732530299
-0.043257487613944406
-0.04376900887473945
-0.042393458811858464
-0.040302254914573156
-0.03881358164482782
-0.03891285621899253
-0.04090143549594185
-0.04429806708409032
-0.04802466292051238
-0.05080512398197882
-0.051630275660348966
-0.05012028242061146
-0.04665522378486809
-0.042229843288152456
-0.03808850770629105
-0.03527494798072079
-0.034260402369090386
-0.03478350187101589
-0.03595724828473617
-0.03660138889652564
-0.035677573399673
-0.03266887564794194
-0.027767002935087964
-0.021801367545301903
-0.01593811625846909
-0.011260098650216375
-0.008380797945459017
-0.0072316392150148165
-0.007098220267435099
-0.006890358455718266
-0.005546364366434046
-0.0024241118434589768
0.002462708873875455
0.008447768713011655
0.014452083917236219
0.019372436664274763
0.022476604088678083
0.023662073207907357
0.023485122234162253
0.02295082113694185
0.023141207842835507
0.024817237292177687
0.028139078660485158
0.03260589247650157
0.03723627332333278
0.04092316949182651
0.04283396066658326
0.042710295438765096
0.040958976672954686
0.038501229153015445
0.03643545567670139
0.035636247653955046
0.036435455676702144
0.03850122915301712
0.04095897667295718
0.042710295438768336
0.04283396066658714
0.04092316949183078
0.037236273323337093
0.032605892476505596
0.02813907866048856
0.024817237292180213
0.023141207842837113
0.022950821136942665
0.023485122234162555
0.023662073207907388
0.022476604088678135
0.019372436664275062
0.014452083917236768
0.00844776871301232
0.002462708873876007
-0.0024241118434586797
-0.005546364366434304
-0.006890358455719046
-0.007098220267436374
-0.007231639215016336
-0.00838079794546059
-0.011260098650217867
-0.015938116258470317
-0.021801367545302812
-0.02776700293508866
-0.03266887564794252
-0.03567757339967356
-0.036601388896526234
-0.03595724828473679
-0.0347835018710165
-0.03426040236909087
-0.03527494798072112
-0.03808850770629115
-0.04222984328815249
-0.04665522378486803
-0.05012028242061148
-0.051630275660349084
-0.05080512398197905
-0.0480246629205126
-0.04429806708409036
-0.04090143549594162
-0.03891285621899182
-0.03881358164482672
-0.04030225491457174
-0.042393458811857056
-0.043769008874738266
-0.0432574876139437
-0.040268577325302965
-0.035022364182968765
-0.028486026587000345
-0.02203582114343035
-0.01696311601699849
-0.014002503407519377
-0.01305534533349799
-0.013213970232722779
-0.013083790518180077
-0.011291477298956354
-0.006996833635043208
-0.00022069963901837222
0.008135568031392473
0.01659335862525268
0.02361922951984441
0.02818013378782102
0.030128512520239546
0.03027156492225364
0.03009101184392243
0.031206891112781084
0.0347752860364201
0.041039371514194144
0.04920317730700573
0.0576840617291859
0.06466267835039748
0.0687376276106442
0.06944754148641494
0.06746434508966064
0.06437558774519266
0.062121708709591855
0.062282983867448495
0.06547298794723812
0.07106571875899038
0.07736963643958246
0.08220226232977523
0.08367018124850359
0.0808759892890561
0.0742888838329403
0.06562765916175076
0.05727703286268645
0.0514303326373198
0.049260953936869294
0.050429031388684674
0.053122119589893955
0.05464317786204232
0.052359375416053
0.04468296192706691
0.03172523267651058
0.015363346514501065
-0.0013412474323284704
-0.015201010618503786
-0.024080444804830303
-0.02777004233989474
-0.028213485218285463
-0.02895615041463656
-0.03395573527927533
-0.04613757525111127
-0.06619994507917376
-0.09212650665620394
-0.1196487550348235
-0.143583730721199
-0.15965435436321482
-0.16619152151855682
-0.1650985059368159
-0.16165015618314965
-0.16305313188390383
-0.17610296535799277
-0.2046076594199058
-0.2473910788530699
-0.2975829048721015
-0.34356302583643256
-0.3714498338501263
-0.368545747574232
-0.3268269374601975
-0.24549466698113068
-0.131824405138807
