1.2924495649131097e-15
0.01840237992997526
0.03677244238132357
0.05507796814850847
0.07328693422993002
0.0913676110755515
0.10928865881281173
0.12701922211607025
0.14452902338979112
0.16178845394183292
0.17876866283055784
0.19544164307797693
0.21178031495076347
0.22775860602168624
0.2433515277357633
0.2585352482182038
0.2732871610749191
0.28758594995100784
0.30141164862809094
0.3147456964576398
0.3275709889444369
0.33987192331197585
0.3516344388998797
0.36284605226222194
0.3734958868549067
0.38357469721992915
0.3930748875943297
0.4019905248918818
0.4103173460259663
0.4180527595625806
0.4251958417129567
0.43174732669572397
0.4377095915188874
0.4430866352520147
0.4478840528788716
0.45210900384022934
0.4557701753956288
0.45887774095144696
0.46144331352060614
0.46347989449662785
0.4650018179413954
0.466024690601896
0.4665653278863017
0.46664168604396106
0.466272790807167
0.4654786627648804
0.46428023974988863
0.46269929653111697
0.46075836211195154
0.45848063494344515
0.4558898963681287
0.453010422615823
0.449866895677311
0.44648431338497635
0.44288789903153775
0.43910301085878434
0.43515505174776825
0.431069379440216
0.4268712176180065
0.42258556816343207
0.4182371249176271
0.4138501892480469
0.40944858772821746
0.40505559222420406
0.40069384267237623
0.3963852728221382
0.3921510392053684
0.3880114535814343
0.3839859190928572
0.38009287035204575
0.37634971766407144
0.3727727955742575
0.36937731591247985
0.36617732548857845
0.36318566857523993
0.3604139542961784
0.35787252901850786
0.3555704538289202
0.3535154871537385
0.3517140725631791
0.3501713317803036
0.3488910628952432
0.3478757437654184
0.3471265405627167
0.34664332140902715
0.34642467502220503
0.34646793427556544
0.346769204555408
0.3473233967829761
0.3481242649496635
0.349164447997333
0.35043551585929356
0.3519280194619332
0.35363154447221307
0.35553476856230376
0.35762552194960234
0.35989085095828477
0.36231708433744036
0.3648899020607771
0.3675944063238769
0.37041519444710236
0.37333643338547395
0.3763419355412513
0.37941523557051016
0.3825396678717845
0.3856984444428052
0.3888747327905607
0.392051733580293
0.3952127577106655
0.3983413025051397
0.4014211267136219
0.40443632402361773
0.40737139478648243
0.41021131567182767
0.41294160697172755
0.4155483972860151
0.41801848533064356
0.42033939862275405
0.42249944880872126
0.4244877834149485
0.42629443381556337
0.4279103592262967
0.42932748654972847
0.43053874591362196
0.4315381017612412
0.4323205793702343
0.4328822866948554
0.43322043144485956
0.43333333333333063
0.4332204314448594
0.43288228669485546
0.43232057937023416
0.43153810176124086
0.4305387459136216
0.4293274865497281
0.4279103592262964
0.426294433815563
0.4244877834149479
0.4224994488087207
0.4203393986227534
0.41801848533064295
0.4155483972860143
0.41294160697172666
0.4102113156718268
0.40737139478648154
0.40443632402361657
0.4014211267136209
0.3983413025051386
0.39521275771066433
0.3920517335802917
0.38887473279055945
0.38569844444280393
0.3825396678717832
0.37941523557050866
0.3763419355412497
0.37333643338547245
0.3704151944471008
0.36759440632387524
0.3648899020607753
0.36231708433743876
0.35989085095828294
0.35762552194960046
0.3555347685623019
0.3536315444722112
0.35192801946193114
0.3504355158592914
0.349164447997331
0.34812426494966153
0.3473233967829739
0.34676920455540583
0.3464679342755631
0.3464246750222028
0.3466433214090248
0.3471265405627144
0.34787574376541597
0.34889106289524074
0.350171331780301
0.3517140725631765
0.353515487153736
0.35557045382891767
0.3578725290185052
0.3604139542961757
0.36318566857523726
0.36617732548857573
0.36937731591247713
0.3727727955742548
0.37634971766406866
0.38009287035204303
0.38398591909285434
0.38801145358143146
0.3921510392053654
0.39638527282213526
0.40069384267237335
0.405055592224201
0.40944858772821463
0.41385018924804395
0.41823712491762416
0.422585568163429
0.42687121761800356
0.431069379440213
0.43515505174776525
0.4391030108587813
0.44288789903153464
0.4464843133849732
0.44986689567730787
0.45301042261581986
0.45588989636812555
0.4584806349434421
0.46075836211194854
0.46269929653111397
0.46428023974988575
0.4654786627648775
0.46627279080716405
0.46664168604395806
0.46656532788629873
0.4660246906018931
0.46500181794139245
0.46347989449662497
0.46144331352060325
0.45887774095144396
0.4557701753956259
0.45210900384022645
0.4478840528788687
0.44308663525201164
0.4377095915188845
0.4317473266957212
0.4251958417129539
0.41805275956257776
0.4103173460259634
0.401990524891879
0.3930748875943269
0.3835746972199264
0.37349588685490387
0.36284605226221917
0.35163443889987683
0.33987192331197297
0.32757098894443415
0.31474569645763706
0.3014116486280881
0.287585949951005
0.2732871610749164
0.2585352482182012
0.2433515277357607
0.22775860602168357
0.21178031495076083
0.19544164307797424
0.17876866283055526
0.16178845394183022
0.14452902338978857
0.1270192221160676
0.10928865881280907
0.09136761107554892
0.07328693422992744
0.055077968148505865
0.03677244238132094
0.018402379929972647
-1.2213531923137888e-15
-0.01840237992997519
-0.0367724423813235
-0.05507796814850841
-0.07328693422992996
-0.09136761107555144
-0.10928865881281168
-0.1270192221160702
-0.14452902338979107
-0.16178845394183286
-0.17876866283055778
-0.19544164307797687
-0.2117803149507634
-0.22775860602168618
-0.24335152773576324
-0.2585352482182038
-0.2732871610749191
-0.28758594995100784
-0.30141164862809094
-0.3147456964576398
-0.3275709889444369
-0.33987192331197585
-0.3516344388998797
-0.36284605226222194
-0.3734958868549067
-0.38357469721992915
-0.3930748875943297
-0.4019905248918818
-0.4103173460259663
-0.4180527595625806
-0.4251958417129567
-0.43174732669572397
-0.4377095915188874
-0.4430866352520147
-0.4478840528788716
-0.45210900384022934
-0.4557701753956288
-0.45887774095144696
-0.46144331352060614
-0.46347989449662785
-0.4650018179413954
-0.466024690601896
-0.4665653278863017
-0.46664168604396106
-0.466272790807167
-0.4654786627648804
-0.46428023974988863
-0.46269929653111697
-0.46075836211195154
-0.45848063494344515
-0.4558898963681287
-0.453010422615823
-0.449866895677311
-0.44648431338497635
-0.44288789903153775
-0.43910301085878434
-0.43515505174776825
-0.431069379440216
-0.4268712176180065
-0.42258556816343207
-0.4182371249176271
-0.4138501892480469
-0.40944858772821746
-0.40505559222420406
-0.40069384267237623
-0.3963852728221382
-0.3921510392053684
-0.3880114535814343
-0.3839859190928572
-0.38009287035204575
-0.37634971766407144
-0.3727727955742575
-0.36937731591247985
-0.36617732548857845
-0.36318566857523993
-0.3604139542961784
-0.35787252901850786
-0.3555704538289202
-0.3535154871537385
-0.3517140725631791
-0.3501713317803036
-0.3488910628952432
-0.3478757437654184
-0.3471265405627167
-0.34664332140902715
-0.34642467502220503
-0.34646793427556544
-0.346769204555408
-0.3473233967829761
-0.3481242649496635
-0.349164447997333
-0.35043551585929356
-0.3519280194619332
-0.35363154447221307
-0.35553476856230376
-0.35762552194960234
-0.35989085095828477
-0.36231708433744036
-0.3648899020607771
-0.3675944063238769
-0.37041519444710236
-0.37333643338547395
-0.3763419355412513
-0.37941523557051016
-0.3825396678717845
-0.3856984444428052
-0.3888747327905607
-0.392051733580293
-0.3952127577106655
-0.3983413025051397
-0.4014211267136219
-0.40443632402361773
-0.40737139478648243
-0.41021131567182767
-0.41294160697172755
-0.4155483972860151
-0.41801848533064356
-0.42033939862275405
-0.42249944880872126
-0.4244877834149485
-0.42629443381556337
-0.4279103592262967
-0.42932748654972847
-0.43053874591362196
-0.4315381017612412
-0.4323205793702343
-0.4328822866948554
-0.43322043144485956
-0.43333333333333063
-0.4332204314448594
-0.43288228669485546
-0.43232057937023416
-0.43153810176124086
-0.4305387459136216
-0.4293274865497281
-0.4279103592262964
-0.426294433815563
-0.4244877834149479
-0.4224994488087207
-0.4203393986227534
-0.41801848533064295
-0.4155483972860144
-0.41294160697172677
-0.4102113156718269
-0.40737139478648166
-0.4044363240236167
-0.401421126713621
-0.3983413025051387
-0.39521275771066444
-0.39205173358029183
-0.38887473279055956
-0.38569844444280404
-0.3825396678717833
-0.37941523557050877
-0.3763419355412498
-0.37333643338547257
-0.3704151944471009
-0.36759440632387536
-0.36488990206077543
-0.36231708433743887
-0.35989085095828305
-0.35762552194960057
-0.355534768562302
-0.3536315444722113
-0.35192801946193125
-0.3504355158592915
-0.349164447997331
-0.34812426494966153
-0.3473233967829739
-0.34676920455540583
-0.3464679342755631
-0.3464246750222028
-0.3466433214090248
-0.3471265405627144
-0.34787574376541597
-0.34889106289524074
-0.350171331780301
-0.3517140725631765
-0.353515487153736
-0.35557045382891767
-0.3578725290185052
-0.3604139542961757
-0.36318566857523726
-0.36617732548857573
-0.36937731591247713
-0.3727727955742548
-0.37634971766406855
-0.3800928703520429
-0.38398591909285423
-0.38801145358143135
-0.3921510392053653
-0.39638527282213515
-0.40069384267237323
-0.4050555922242009
-0.4094485877282145
-0.41385018924804384
-0.41823712491762405
-0.4225855681634289
-0.42687121761800345
-0.4310693794402129
-0.43515505174776514
-0.4391030108587812
-0.4428878990315345
-0.4464843133849731
-0.44986689567730775
-0.45301042261581975
-0.45588989636812544
-0.458480634943442
-0.4607583621119483
-0.46269929653111375
-0.4642802397498855
-0.46547866276487726
-0.46627279080716383
-0.46664168604395784
-0.4665653278862985
-0.4660246906018929
-0.4650018179413922
-0.46347989449662474
-0.461443313520603
-0.45887774095144374
-0.4557701753956257
-0.45210900384022623
-0.44788405287886845
-0.4430866352520114
-0.4377095915188843
-0.43174732669572097
-0.42519584171295366
-0.41805275956257754
-0.4103173460259633
-0.40199052489187886
-0.3930748875943268
-0.38357469721992626
-0.37349588685490376
-0.36284605226221905
-0.3516344388998767
-0.33987192331197286
-0.32757098894443404
-0.31474569645763695
-0.301411648628088
-0.2875859499510049
-0.2732871610749163
-0.25853524821820106
-0.24335152773576058
-0.22775860602168346
-0.21178031495076072
-0.19544164307797413
-0.17876866283055515
-0.1617884539418301
-0.14452902338978846
-0.12701922211606748
-0.10928865881280898
-0.09136761107554883
-0.07328693422992735
-0.05507796814850578
-0.03677244238132086
-0.01840237992997257
