2.8474819396769275e-16
0.5522605620165844
0.8591494302096178
0.8691285899489166
0.7355272065520206
0.6499534022866458
0.6757291928480851
0.7368701757723225
0.7410700759430677
0.6847724635371268
0.6360534879518165
0.6409878244864586
0.6738809783796779
0.6804014772716087
0.6475281360785339
0.6132754294233219
0.6132657900691102
0.6372663519193384
0.6473875084269474
0.6283062305856084
0.6039856067899002
0.6037086023082238
0.624788894834489
0.6388735215798261
0.629983039970706
0.6136996569932038
0.6148609868851996
0.6352461818249525
0.652964017875655
0.6520115464524584
0.6422826355570528
0.6451673987906364
0.6653614919263412
0.6857941702434204
0.6907724469712899
0.6860205961782466
0.6900661288975469
0.7096090910192082
0.7314121456926321
0.7403095292368751
0.738820509233364
0.7429826495588752
0.7608999903508925
0.7825193774854824
0.7933638789897587
0.7934171324007527
0.7964810762755493
0.8116334315754805
0.8315450691405132
0.842556885537992
0.8426141972785601
0.8434674481167711
0.8548379052133174
0.8717716696175413
0.8815333213586763
0.8804193514902857
0.8782692392771717
0.8851802157974606
0.8982924675251298
0.9058811123153113
0.9029115917287286
0.8974251270995959
0.8996685132987364
0.9086367435932396
0.9136854192463792
0.9087166671085436
0.9000684670343597
0.8979395848150573
0.9029668858514662
0.9056409451060864
0.899032189403805
0.8878597884239715
0.8820986719144439
0.8838317160012658
0.8847249041511679
0.8772220025992171
0.8645026151721565
0.8561601107808771
0.855539259938623
0.8555093448918195
0.8480728400740805
0.8349481537277456
0.8252057872398266
0.8232771814739567
0.8232518235885204
0.8168617237225898
0.8044450523061194
0.7944240439711675
0.7921490890386284
0.7929372390982435
0.7884100820291027
0.7776117399701539
0.7682066844690243
0.7663033857647404
0.7684453881695824
0.7662956709486712
0.7576975150361228
0.7494640724109092
0.7483074503298166
0.7519888131790193
0.752357569071544
0.7461572782794255
0.739271936374865
0.738868751735676
0.7439098977079289
0.7465699216327231
0.742601734213179
0.736897440051098
0.7369359549271615
0.7428556260403377
0.7472881257606578
0.7451120329765687
0.740178919411611
0.7401401465950124
0.7462762649245
0.75180031299575
0.7508388597368374
0.7461671160907666
0.745472621321663
0.7511338880086047
0.757060452648946
0.7567536817853262
0.7518880656308128
0.7500529695476573
0.7546692448326259
0.7604475366093395
0.7603937927183846
0.7550677085117379
0.7518272345763202
0.7550677085117383
0.7603937927183836
0.7604475366093362
0.7546692448326225
0.7500529695476539
0.7518880656308087
0.7567536817853208
0.7570604526489418
0.7511338880086019
0.74547262132166
0.7461671160907629
0.7508388597368347
0.7518003129957478
0.7462762649244966
0.7401401465950077
0.7401789194116097
0.7451120329765696
0.7472881257606563
0.7428556260403362
0.7369359549271601
0.7368974400510983
0.742601734213179
0.7465699216327208
0.7439098977079273
0.7388687517356761
0.7392719363748648
0.7461572782794237
0.7523575690715434
0.751988813179018
0.7483074503298119
0.7494640724109061
0.7576975150361209
0.7662956709486717
0.7684453881695813
0.7663033857647368
0.7682066844690205
0.7776117399701515
0.7884100820290992
0.7929372390982395
0.7921490890386261
0.794424043971164
0.8044450523061155
0.8168617237225836
0.8232518235885158
0.8232771814739537
0.8252057872398225
0.834948153727739
0.8480728400740746
0.8555093448918172
0.8555392599386211
0.856160110780873
0.8645026151721533
0.8772220025992139
0.8847249041511641
0.8838317160012601
0.8820986719144407
0.8878597884239704
0.8990321894038031
0.9056409451060814
0.9029668858514605
0.8979395848150532
0.9000684670343534
0.9087166671085366
0.9136854192463753
0.9086367435932375
0.8996685132987322
0.8974251270995919
0.902911591728724
0.9058811123153077
0.8982924675251244
0.8851802157974533
0.8782692392771652
0.8804193514902812
0.8815333213586733
0.8717716696175349
0.854837905213313
0.8434674481167667
0.842614197278555
0.842556885537986
0.8315450691405082
0.8116334315754782
0.7964810762755468
0.7934171324007471
0.7933638789897544
0.7825193774854806
0.7608999903508885
0.74298264955887
0.7388205092333604
0.7403095292368719
0.7314121456926282
0.7096090910192038
0.6900661288975413
0.6860205961782425
0.6907724469712827
0.6857941702434135
0.6653614919263358
0.6451673987906311
0.642282635557048
0.6520115464524534
0.6529640178756494
0.6352461818249496
0.6148609868851933
0.6136996569931963
0.6299830399707006
0.6388735215798209
0.6247888948344839
0.6037086023082161
0.6039856067898932
0.6283062305856025
0.6473875084269402
0.6372663519193316
0.6132657900691044
0.6132754294233179
0.6475281360785278
0.680401477271603
0.6738809783796719
0.6409878244864535
0.6360534879518126
0.6847724635371172
0.7410700759430617
0.7368701757723164
0.6757291928480793
0.6499534022866353
0.7355272065520122
0.8691285899489085
0.8591494302096121
0.5522605620165822
6.035457820798683e-15
-0.5522605620165795
-0.8591494302096158
-0.8691285899489164
-0.7355272065520211
-0.6499534022866444
-0.6757291928480844
-0.7368701757723218
-0.7410700759430684
-0.6847724635371266
-0.6360534879518187
-0.6409878244864569
-0.6738809783796763
-0.6804014772716096
-0.6475281360785332
-0.6132754294233217
-0.61326579006911
-0.6372663519193398
-0.6473875084269483
-0.6283062305856102
-0.6039856067899018
-0.6037086023082231
-0.6247888948344896
-0.6388735215798259
-0.6299830399707074
-0.6136996569932041
-0.614860986885199
-0.6352461818249514
-0.652964017875656
-0.6520115464524582
-0.6422826355570532
-0.6451673987906373
-0.665361491926343
-0.6857941702434206
-0.6907724469712886
-0.686020596178248
-0.6900661288975469
-0.7096090910192089
-0.7314121456926319
-0.7403095292368747
-0.738820509233364
-0.7429826495588747
-0.7608999903508941
-0.7825193774854833
-0.7933638789897585
-0.7934171324007521
-0.7964810762755495
-0.8116334315754787
-0.8315450691405112
-0.8425568855379922
-0.8426141972785601
-0.8434674481167695
-0.854837905213316
-0.8717716696175404
-0.8815333213586761
-0.8804193514902859
-0.8782692392771739
-0.8851802157974611
-0.898292467525132
-0.9058811123153122
-0.9029115917287281
-0.8974251270995952
-0.8996685132987335
-0.9086367435932392
-0.9136854192463788
-0.9087166671085434
-0.9000684670343602
-0.89793958481506
-0.9029668858514664
-0.9056409451060875
-0.8990321894038044
-0.8878597884239708
-0.882098671914443
-0.8838317160012653
-0.8847249041511686
-0.8772220025992196
-0.8645026151721577
-0.8561601107808764
-0.8555392599386232
-0.8555093448918226
-0.8480728400740818
-0.8349481537277489
-0.8252057872398262
-0.8232771814739538
-0.8232518235885198
-0.8168617237225891
-0.8044450523061194
-0.7944240439711686
-0.7921490890386259
-0.7929372390982424
-0.7884100820291018
-0.7776117399701541
-0.7682066844690256
-0.7663033857647433
-0.7684453881695804
-0.766295670948669
-0.7576975150361221
-0.7494640724109092
-0.7483074503298175
-0.7519888131790176
-0.7523575690715423
-0.7461572782794237
-0.7392719363748648
-0.7388687517356778
-0.7439098977079278
-0.7465699216327237
-0.7426017342131765
-0.7368974400510963
-0.7369359549271643
-0.7428556260403384
-0.7472881257606592
-0.745112032976568
-0.7401789194116134
-0.7401401465950106
-0.7462762649245005
-0.7518003129957505
-0.7508388597368376
-0.7461671160907648
-0.7454726213216655
-0.7511338880086078
-0.7570604526489482
-0.7567536817853271
-0.7518880656308152
-0.7500529695476589
-0.7546692448326292
-0.76044753660934
-0.7603937927183828
-0.7550677085117383
-0.7518272345763202
-0.7550677085117374
-0.7603937927183838
-0.7604475366093348
-0.7546692448326212
-0.7500529695476499
-0.7518880656308058
-0.7567536817853179
-0.7570604526489403
-0.7511338880086004
-0.7454726213216596
-0.7461671160907605
-0.7508388597368345
-0.7518003129957496
-0.7462762649244977
-0.7401401465950079
-0.7401789194116106
-0.74511203297657
-0.7472881257606581
-0.7428556260403348
-0.7369359549271606
-0.7368974400510989
-0.7426017342131799
-0.7465699216327248
-0.7439098977079279
-0.7388687517356781
-0.7392719363748634
-0.7461572782794268
-0.7523575690715438
-0.7519888131790184
-0.7483074503298133
-0.7494640724109038
-0.7576975150361205
-0.7662956709486728
-0.7684453881695815
-0.7663033857647392
-0.7682066844690205
-0.7776117399701518
-0.7884100820291003
-0.79293723909824
-0.7921490890386268
-0.794424043971162
-0.8044450523061133
-0.8168617237225825
-0.823251823588518
-0.8232771814739535
-0.8252057872398201
-0.8349481537277372
-0.8480728400740721
-0.8555093448918183
-0.8555392599386211
-0.856160110780873
-0.8645026151721531
-0.8772220025992161
-0.8847249041511617
-0.8838317160012605
-0.8820986719144425
-0.8878597884239724
-0.8990321894038031
-0.9056409451060821
-0.9029668858514585
-0.8979395848150503
-0.9000684670343514
-0.9087166671085368
-0.9136854192463766
-0.9086367435932391
-0.8996685132987335
-0.8974251270995925
-0.902911591728724
-0.9058811123153061
-0.8982924675251219
-0.8851802157974504
-0.8782692392771645
-0.8804193514902805
-0.881533321358674
-0.8717716696175354
-0.8548379052133122
-0.8434674481167667
-0.8426141972785568
-0.8425568855379867
-0.8315450691405051
-0.8116334315754806
-0.7964810762755445
-0.7934171324007442
-0.7933638789897555
-0.7825193774854811
-0.7608999903508912
-0.7429826495588693
-0.7388205092333622
-0.7403095292368739
-0.7314121456926269
-0.7096090910192018
-0.6900661288975428
-0.6860205961782421
-0.6907724469712867
-0.6857941702434144
-0.6653614919263349
-0.6451673987906338
-0.6422826355570447
-0.6520115464524481
-0.6529640178756514
-0.6352461818249483
-0.614860986885192
-0.6136996569931941
-0.6299830399707002
-0.6388735215798245
-0.6247888948344841
-0.603708602308213
-0.6039856067898901
-0.6283062305855999
-0.6473875084269386
-0.6372663519193276
-0.6132657900691055
-0.6132754294233181
-0.6475281360785311
-0.6804014772716015
-0.6738809783796754
-0.6409878244864531
-0.6360534879518142
-0.6847724635371167
-0.7410700759430591
-0.7368701757723151
-0.6757291928480789
-0.6499534022866407
-0.7355272065520104
-0.8691285899489094
-0.8591494302096148
-0.5522605620165869
