x(t) PSD DATA

4.52256452968414e-26
9.515871327500021e-26
2.143127300081798e-26
2.3744792133242977e-25
7.122091397815672e-26
8.56407120230561e-27
6.066437376724021e-26
2.3067981524037624e-26
5.710465186912101e-26
4.718737635309483e-25
7.605898810430147e-26
3.136371010186755e-24
1.6255656367516046e-24
1048575.9999999902
1.634830627837664e-24
3.76705694703276e-24
5.678369162125363e-26
1.3759639394500346e-24
9.456092210475184e-26
1.099167230898749e-24
1.9559974027053585e-25
1.4625301534522267e-25
3.9933000710212646e-26
6.940531244583132e-25
3.225942985307996e-26
3.155554204883045e-25
2.7108230171489263e-25
4.0243533416237902e-25
8.959523606907194e-25
4.786315358871986e-24
1.4354551066805947e-24
1048575.999999993
1.646370457534497e-24
3.551262468687742e-24
8.72428090228276e-25
2.257849977184636e-25
2.48272841518069e-25
4.849646385103808e-25
2.920913269337322e-26
3.797807857149074e-26
8.69714966132702e-26
1.7607048222790887e-25
6.134655900147366e-26
1.1165867910563549e-25
6.29725538882097e-26
2.4350386400454953e-25
5.516520296349672e-26
2.260588424642865e-26
7.169518254635699e-25
7.693510890459166e-25
1.682839996324127e-24
8.2016290594018155e-25
9.484255095319378e-25
5.130832151217652e-25
4.638013636758296e-26
5.0710930862724144e-26
3.328761525142341e-25
1.7055238833721114e-25
5.871761788824787e-26
4.549221289468664e-26
1.0369917757250125e-26
3.727546175589449e-26
8.975465035316693e-27
2.252156727202221e-27
1.66436504492367e-26
5.720997974661696e-26
3.615527737040519e-27
1.85835276433931e-27
2.3830483398979285e-26
1.0393651982636487e-25
1.412246564506302e-26
8.565847003267391e-28
1.0647778907030758e-26
1.2982704403350615e-25
4.42449753751183e-26
2.685409996509159e-26
1.4963846173538772e-26
3.028113412482497e-26
6.033767439038229e-26
1.1649719968037286e-26
4.1866236329402384e-26
3.4912603914515634e-26
5.146466459439776e-26
7.017643052540728e-26
1.1825318919102112e-27
9.324102377821118e-26
1.082244877458428e-26
9.726310415016077e-26
1.9239591825364906e-26
3.8236304935755916e-26
2.405507022717362e-27
9.090848682725829e-27
3.0121046040118437e-26
2.1402004912810534e-26
1.4283272162640462e-26
2.9574657244963333e-27
4.123724592275266e-27
2.3426013441443167e-26
2.399135665849609e-26
2.965378637872247e-26
2.1031219288729298e-26
2.696496470752962e-27
3.37926017280266e-27
2.1417818151406452e-26
2.88360956904697e-26
7.734354016953653e-26
1.0500907155754862e-25
5.678291416312971e-26
4.402458407965678e-26
1.680069848116557e-25
3.530073136134107e-25
9.643885148933785e-25
1.0863884749322782e-24
8.948304691099057e-25
8.961651351748607e-25
1.760989975942969e-25
3.552914396604881e-26
3.6456781430747365e-27
5.091334379534023e-26
4.0532480216997496e-26
1.9643385141813573e-26
1.4837178391183655e-27
5.526488476929707e-26
1.2661412252717735e-27
2.217102887776684e-26
2.577247614164554e-26
1.2170542877911396e-25
4.735619336357076e-27
4.625111516982214e-26
2.74009257706708e-25
8.596871446623763e-25
2.591408073651023e-27
9.069423809227845e-25
5.775173773184768e-25
1.2603168655304288e-25
2.0367275539373065e-25
1.3457310499853611e-25
2.255003447855003e-25
1.2424546872615282e-25
7.412244699101359e-28
1.1061917781222513e-25
5.048709793414477e-27
6.020325674333829e-26
1.3177132560811784e-26
5.112855318104092e-27
6.195633070716029e-26
2.354006064912886e-26
8.745627539642225e-26
3.897570045901957e-26
9.382227402432856e-26
1.5588731296315984e-25
2.0117091635884123e-25
2.4147242045900757e-26
1.0863385813657524e-25
1.4461911083706526e-25
1.0621305239171704e-25
8.761940634002958e-26
1.6434104412694899e-25
5.630184044835198e-26
3.311953624479896e-26
4.8369254087016795e-26
4.13994203059987e-26
1.1349457762713542e-27
2.4498818771100504e-26
1.724546660146821e-26
1.5624960993261877e-26
3.6564068355314096e-27
2.874494444220975e-25
7.701863746861426e-26
6.010169182091186e-26
2.115052472135782e-25
1.9706740607547558e-26
3.399777090934395e-25
1.2587758319265803e-25
1.4145916745942145e-25
2.4175840175146516e-25
1.3379222719453906e-25
2.959575405731914e-25
1.0248676948745158e-25
6.588566280405891e-26
4.881565714969697e-27
4.1727733735223763e-26
5.0713584296077754e-26
5.828438839490687e-26
4.254139664156435e-26
4.7180927453286737e-26
1.8241931997851307e-26
5.725642268886848e-26
2.5492655923846698e-26
3.200986178491791e-27
4.105435976536045e-26
3.361842257224646e-25
8.391808035581812e-25
4.887316683983725e-26
9.070079156191013e-25
7.527953169275714e-25
3.1958696039292184e-25
1.8399003245839606e-25
2.671018337566093e-25
1.5679474131118633e-25
9.99471215115793e-26
9.129652037302798e-26
2.490471116345831e-26
2.685059974900501e-27
4.068124242491735e-26
4.6075492446517794e-27
4.265738821722452e-27
5.724721760339778e-26
1.5836744517169355e-26
9.362704512200966e-26
1.4146509445214827e-26
1.3796932904453584e-25
1.392301324042632e-25
2.915395706913873e-25
1.4106621594876148e-25
6.54616794871499e-26
1.339995387848367e-25
7.075605960296012e-27
2.2053112840118655e-25
2.965877504162879e-25
1.8957727348461364e-25
4.846990736707331e-26
3.300032445022183e-26
4.096526206152393e-26
4.979261319438811e-26
6.462348535570529e-27
2.357201248207135e-26
3.31264337909282e-26
7.97015797661843e-27
1.4961961811268905e-26
2.5373592589395398e-26
1.0015056208238247e-26
3.6410512843540984e-26
4.2495711269905566e-26
2.2265440630836443e-26
5.787197011170531e-26
9.766917164649471e-26
2.8024571973938986e-25
1.8078447910213529e-25
5.0244138458157023e-26
1.4653116355742645e-26
8.472237324097939e-26
1.2264386334010461e-26
3.958188478036949e-26
2.0896091044554262e-26
1.4642690008703032e-26
3.591145567877323e-26
4.925426853088473e-27
3.641180630579139e-27
2.7093687338652124e-28
3.0381846833058775e-26
4.1547132165113943e-26
4.787075203143061e-27
7.932808796443728e-29
2.573161063325561e-27
2.5941692921871058e-27
5.51367550430822e-28
5.2538136287719386e-27
2.5731610633255975e-27
2.5914080736510238e-27
4.787075203143037e-27
5.763595267248387e-26
3.038184683305882e-26
2.5767401911945706e-28
3.641180630579133e-27
6.987345637161986e-27
3.59114556787733e-26
1.5937188516010374e-26
2.0896091044554242e-26
1.0985992510469899e-25
1.2264386334010509e-26
8.271048819061265e-26
1.4653116355742688e-26
6.721502791686029e-26
1.8078447910213492e-25
3.348935423716657e-25
9.766917164649456e-26
4.6654675626808514e-26
2.2265440630836386e-26
3.3987989024533003e-26
3.641051284354096e-26
1.4246576807782336e-26
2.5373592589395386e-26
1.4605738174573242e-26
7.970157976618417e-27
4.255043239533356e-26
2.3572012482071376e-26
4.2005265481208437e-26
4.9792613194388064e-26
3.736045247126712e-26
3.3000324450221855e-26
4.371795509790535e-26
1.8957727348461344e-25
3.1508782224256417e-25
2.2053112840118632e-25
1.1290401487021913e-26
1.3399953878483687e-25
5.790640929109149e-26
1.4106621594876167e-25
2.942980448262678e-25
1.3923013240426357e-25
9.736146232740656e-26
1.4146509445214953e-26
9.885275413418903e-26
1.5836744517169358e-26
7.84143491976077e-26
4.265738821722454e-27
3.07971297398283e-27
4.068124242491734e-26
1.6657861326128655e-27
2.490471116345827e-26
8.703205340058947e-26
9.994712151157923e-26
1.6798177699283299e-25
2.671018337566094e-25
1.8144747947502536e-25
3.1958696039292216e-25
7.379780242915566e-25
9.070079156191024e-25
4.018248970971086e-26
8.39180803558181e-25
3.35775279685524e-25
4.1054359765360427e-26
8.900132261064842e-27
2.5492655923846664e-26
6.590957180269772e-26
1.824193199785135e-26
4.068860230981483e-26
4.254139664156444e-26
5.605772086806521e-26
5.0713584296077697e-26
3.3902546237378616e-26
4.881565714969723e-27
4.656022893094333e-26
1.0248676948745175e-25
2.4853553923557768e-25
1.3379222719453906e-25
1.8260766521926094e-25
1.414591674594213e-25
1.3008064343037793e-25
3.399777090934389e-25
2.0237289798779338e-26
2.11505247213578e-25
7.736600094774883e-26
7.701863746861425e-26
2.87034155333676e-25
3.656406835531419e-27
1.4550163921688823e-26
1.7245466601468235e-26
2.5749563114956202e-26
1.1349457762713493e-27
1.7237373449161575e-26
4.8369254087016784e-26
4.927540758372528e-26
5.630184044835192e-26
1.7600640649858044e-25
8.761940634002943e-26
1.0151708358397962e-25
1.4461911083706512e-25
1.3153784140878348e-25
2.4147242045900754e-26
1.669255039678892e-25
1.5588731296316003e-25
1.0668457181474222e-25
3.8975700459019646e-26
1.1997936874706567e-25
2.354006064912884e-26
6.530396657213359e-26
5.112855318104098e-27
1.0150609771698445e-26
6.020325674333794e-26
2.1002632740604218e-26
1.1061917781222492e-25
1.2248715044779726e-27
1.2424546872615266e-25
1.7384507905984615e-25
1.3457310499853604e-25
1.7192363257045297e-25
1.260316865530428e-25
5.884891200045201e-25
9.069423809227858e-25
3.146045581528527e-27
8.596871446623787e-25
2.801683778788757e-25
4.625111516982214e-26
8.56071854345842e-27
1.21705428779114e-25
1.5115363804939807e-26
2.217102887776684e-26
1.491144326094016e-27
5.526488476929717e-26
6.76794585468216e-27
1.9643385141813601e-26
2.8512067534696604e-26
5.0913343795340247e-26
6.544649027216815e-27
3.5529143966048917e-26
1.5045155184375137e-25
8.961651351748624e-25
1.0629806034544508e-24
1.0863884749322778e-24
1.1806629589609147e-24
3.5300731361341003e-25
1.8378565825477045e-25
4.40245840796566e-26
7.790597803926244e-26
1.0500907155754862e-25
9.26436662052805e-26
2.883609569046969e-26
4.5126900699118544e-26
3.3792601728026674e-27
4.0310655516817504e-27
2.1031219288729333e-26
3.3299666058570045e-26
2.399135665849613e-26
4.0389678347315804e-27
4.123724592275272e-27
5.856503360360792e-27
1.428327216264041e-26
1.9961713246872308e-26
3.0121046040118397e-26
1.761765168318881e-26
2.405507022717352e-27
2.593094928415828e-26
1.923959182536492e-26
1.4411176386437655e-25
1.0822448774584276e-26
7.746953005398618e-26
1.182531891910219e-27
6.897568665459596e-26
5.1464664594398005e-26
2.199951710544164e-26
4.1866236329402366e-26
3.1214536643797862e-27
6.033767439038216e-26
1.9033635921172573e-26
1.496384617353868e-26
4.2477158638845195e-26
4.424497537511818e-26
8.9767107306215e-26
1.0647778907030755e-26
1.1433957708466937e-26
1.4122465645063003e-26
8.435554313629411e-26
2.3830483398979253e-26
6.199276594519388e-27
3.615527737040505e-27
2.6691550055936396e-26
1.66436504492367e-26
5.017620841971295e-26
8.975465035316698e-27
5.146888632878595e-26
1.036991775725012e-26
6.460331017344877e-26
5.871761788824802e-26
1.1980141317087092e-25
3.328761525142342e-25
2.1779140074738438e-26
4.638013636758307e-26
4.430580162384644e-25
9.484255095319396e-25
8.057103725983716e-25
1.6828399963241323e-24
1.0039158503254236e-24
7.1695182546357e-25
3.2309229974584245e-25
5.516520296349638e-26
1.8002365729367492e-25
6.29725538882094e-26
1.928937388631428e-25
6.134655900147362e-26
1.5341996551407243e-25
8.697149661327012e-26
3.0733882739033337e-25
2.9209132693373114e-26
5.611678993697891e-25
2.4827284151806914e-25
1.1647021627547915e-24
8.72428090228277e-25
2.5867872112148427e-24
1.646370457534497e-24
1048575.9999999879
1.4354551066805927e-24
5.406967809697336e-24
8.959523606907188e-25
9.458553110811185e-25
2.7108230171489263e-25
1.2203057909543598e-25
3.2259429853079995e-26
6.163601443888325e-25
3.993300071021261e-26
9.304303866066821e-26
1.9559974027053626e-25
7.857814061977169e-25
9.456092210475172e-26
4.212467500501909e-25
5.678369162125362e-26
3.323032222686106e-24
1.6348306278376583e-24
1048575.9999999913
1.6255656367516026e-24
4.0740419847080866e-24
7.605898810430137e-26
1.1407482385578629e-25
5.710465186912101e-26
5.0714488906666526e-27
6.066437376724014e-26
1.6411474336096816e-26
7.122091397815697e-26
3.9680181788848685e-25
2.1431273000818034e-26
9.438624226645112e-26

y(t) PSD DATA
1.2227541246151988e-26
7.829756053128762e-26
9.861471290077346e-26
1.1876532250592965e-25
9.272981054782472e-26
3.3239700570804656e-26
2.880093694068916e-25
1.5024983482772168e-24
3.854726517826268e-25
5.940350868935202e-25
1.0045347811965428e-24
1.4462259527662142e-25
8.203648543319181e-25
1.1918525143992377e-24
2.537733977659786e-24
5.5000343660414034e-24
3.180090047108054e-24
1.4648546880087356e-23
4194304.000000012
2.877867201663299e-23
4.58710625700259e-24
3.8778338229381755e-24
1.860856652965448e-24
2.402231788619158e-24
1.1231982727593948e-24
1.9515106396307063e-25
5.895167589026028e-25
1.0533183895705578e-25
5.584189714127616e-25
1.38303568874655e-26
5.455635979727824e-25
6.312619825240838e-25
2.056218581542284e-25
3.195338535937278e-25
6.0449207313147105e-25
1.8297219259486685e-24
1.7823805690235853e-24
6.094977721844338e-24
3.913366014831792e-24
4.456305480044254e-24
1.1652238125097407e-24
8.189113587772957e-25
3.952992928529493e-24
1.879976564072509e-24
4194304.000000009
3.06900643233711e-24
1.2423865059634341e-24
1.6071655916496934e-24
1.8573580647105226e-25
2.163200984550412e-25
1.0474867488432518e-24
1.202731920936941e-25
3.4297262298855157e-25
2.246865737825306e-25
2.2794241965314553e-25
1.7216841454723771e-25
2.854388904212037e-25
1.8448911272689613e-25
1.254247531204906e-25
3.3888646353863257e-25
1.99113349867252e-25
4.3233412679071004e-24
5.183019606161731e-24
7.291866168250233e-24
4.765590799781458e-24
4.498721581371583e-24
4.695407231053174e-25
2.5768228313844446e-25
7.005569343604403e-25
2.566486514543662e-24
3.296821300178566e-25
1.9334668964238971e-25
5.95497845423026e-25
1.5614083751955152e-26
1.0052038945260314e-25
4.417908521133477e-26
2.119110581358829e-25
5.895487822439344e-26
3.47630350144744e-26
2.1099694802304398e-26
1.7698427831842748e-26
1.7879038140614553e-26
5.31054622537281e-26
4.512301702354026e-26
5.816113682013476e-26
9.451857286984086e-26
3.0710681425678556e-25
2.801180262062085e-25
7.728351660025834e-26
1.8128891760416912e-25
2.2128772957415548e-26
6.6945090939372695e-25
1.2444317959999495e-24
2.396133664757842e-25
7.753776701310974e-26
1.348486470647159e-25
1.80434061654997e-24
1.0316875285676612e-24
3.15232765781682e-24
2.6797202269475373e-24
1.8801564932857263e-24
3.0230219341986107e-24
6.46199258854335e-25
8.338826444390148e-26
2.0725158548809105e-25
3.135754546384856e-25
6.185800004408171e-25
1.6314898542763046e-26
4.502854655165495e-25
2.201180919376584e-25
3.4977461448775487e-25
7.146117826568451e-26
8.162046940933543e-26
3.240341292024751e-25
2.2455419072888523e-25
8.590634187629464e-26
5.387318010167844e-25
1.843373365429689e-24
1.4088037497034011e-24
5.593622717591529e-24
3.344172536884155e-24
1.1933698058796023e-24
2.958321123899015e-24
4.126135861337277e-24
3.404458352837366e-24
7.597103674884e-24
4.895004085854117e-24
6.068417371733679e-24
6.518170305376231e-25
4.528118250688661e-25
5.817257530326046e-25
8.250072604400525e-25
3.6044080278724808e-25
3.4008443694192094e-25
2.9425004802809503e-25
2.669713538194448e-25
2.903762228668144e-25
6.132638592118603e-25
1.3346078553877039e-24
1.4798111458833504e-24
4.531974346058504e-25
4.4043358115484656e-24
5.3674348426727314e-24
4.609731800332663e-24
3.59954770154764e-24
6.335658472323564e-24
3.7481621506309067e-25
3.1552260048329555e-25
2.6864184810758424e-25
4.604331093322339e-25
7.432969546628095e-25
4.081324734078123e-25
7.460094566992336e-26
2.3833147614979225e-25
9.724687199008656e-25
1.6414547013514014e-26
7.1874383829569e-26
1.3591466799567103e-25
1.5741950698884904e-25
2.9912146922674065e-26
1.5889273443057496e-25
8.617667245206258e-26
1.560280190254574e-25
2.9255825514816286e-25
3.3544037602913973e-25
4.618066161872537e-25
2.6274475336730556e-25
5.392581418532531e-25
4.425470741466003e-25
4.187922452319112e-25
1.1004201813068942e-24
1.2068352023454384e-24
2.3910689581610956e-25
7.442414387965042e-26
5.250658185151057e-27
1.7658776590672544e-25
2.825739061688801e-25
6.723670794716375e-25
2.7974300188171846e-24
2.4175326572274327e-24
3.1044263239696118e-24
7.402530821155573e-24
8.004452191795593e-25
1.4295287066945109e-25
1.8946436000032548e-25
1.3600612784297894e-25
1.1749202103582012e-24
3.9355217278965334e-25
8.245119735626192e-25
1.018749069272484e-25
5.684014390934916e-26
1.7977702974007705e-26
1.0362039996767044e-25
4.400620152474465e-25
8.502221487738259e-26
6.865467451191228e-25
8.260408264804288e-25
3.963124562034097e-25
7.017958457908142e-25
7.188911361870236e-25
2.05016594964001e-24
2.022412934704701e-24
5.478216555631906e-26
1.2559504921153752e-25
3.656335144516715e-25
3.991898604024658e-24
1.607514373122711e-25
4.516187490311525e-24
2.4776633569523516e-24
6.738545321134396e-25
2.0803846247776606e-25
8.892608056991737e-27
1.2924697071141057e-26
1.8139957662570183e-25
4.3978438233681295e-26
8.018926337625305e-26
7.719585849559888e-26
5.560449643253277e-26
1.037109166968499e-25
1.2863169300485717e-25
2.8305152192847656e-25
2.887199960140707e-26
5.567327984478506e-26
6.305793020302442e-25
1.986230584262625e-24
2.8615257651986655e-24
1.3737661265025486e-24
5.382273602377439e-25
1.4225990088380791e-24
1.3559990836254878e-24
2.883510845589725e-25
7.060286048189768e-25
2.5356809625866875e-24
1.697500893736828e-24
1.6178182985897409e-25
1.9993818966796964e-25
3.824825643075828e-25
3.834487654122617e-25
4.0389678347315804e-25
1.7469374100871156e-25
2.0325470513216284e-25
1.5987471757939017e-26
1.0624532814184528e-25
1.824524997950212e-26
3.482756052804325e-26
3.885790609877874e-26
1.373636866273525e-26
1.6142005752191043e-25
1.5162235180078477e-25
5.0342479307470434e-26
5.651420303976401e-25
3.984505853863252e-25
5.436988690777714e-26
2.359016847410448e-25
1.381499157076109e-25
1.3434136351769609e-25
1.475613627022479e-25
1.343413635176959e-25
1.817606523110681e-25
2.3590168474104533e-25
6.291717921771224e-26
3.984505853863234e-25
5.8313801126817655e-25
5.034247930747008e-26
1.5162235180078475e-25
1.6142005752190972e-25
2.0884746554116175e-26
3.8857906098778706e-26
2.5849394142282115e-26
1.8245249979502436e-26
1.2243121249030103e-25
1.5987471757939008e-26
2.0325470513216282e-25
1.746937410087098e-25
2.358757215483243e-25
3.8344876541226234e-25
2.9853021008459794e-25
1.9993818966796852e-25
1.5761868455126617e-25
1.6975008937368305e-24
2.5356809625866867e-24
7.060286048189747e-25
2.851340229457773e-25
1.3559990836254874e-24
1.561827746063729e-24
5.382273602377443e-25
1.30236350250196e-24
2.86152576519868e-24
1.986230584262625e-24
6.305793020302392e-25
8.395221331976709e-26
2.887199960140665e-26
3.270916057512438e-25
1.2863169300485669e-25
9.804878896272792e-26
5.560449643253355e-26
7.719585849559907e-26
8.018926337625205e-26
3.9507178251855434e-26
1.8139957662570307e-25
1.2924697071141057e-26
8.892608056991566e-27
1.655976812239948e-25
6.738545321134478e-25
2.4776633569523524e-24
4.5161874903114895e-24
2.303055148342552e-25
3.991898604024658e-24
2.9105107519684217e-25
1.2559504921153585e-25
6.362425388348784e-26
2.0224129347047035e-24
2.0501659496400096e-24
7.188911361870197e-25
6.880083369175286e-25
3.9631245620341126e-25
9.238102031358353e-25
6.865467451191232e-25
1.207890800157862e-25
4.400620152474491e-25
1.0362039996767058e-25
1.7977702974007507e-26
7.926192004788836e-26
1.0187490692724902e-25
7.126100689742904e-25
3.935521727896508e-25
1.1626458818644446e-24
1.3600612784297938e-25
1.8946436000032562e-25
1.4295287066944978e-25
8.61826843583529e-25
7.402530821155607e-24
3.305474567838048e-24
2.4175326572274346e-24
2.599148864209858e-24
6.723670794716427e-25
2.825739061688799e-25
1.7658776590672484e-25
6.267364916826128e-27
7.442414387965041e-26
3.9420326066980225e-25
1.2068352023454316e-24
1.1872826219718998e-24
4.187922452319123e-25
4.425470741466004e-25
5.392581418532523e-25
2.550181792000472e-25
4.618066161872544e-25
3.711027338171483e-25
2.925582551481627e-25
1.0283855539587813e-25
8.617667245206258e-26
1.5889273443057505e-25
2.991214692267359e-26
6.534048256018242e-26
1.359146679956705e-25
6.797272934569474e-26
1.6414547013514025e-26
9.453309032101802e-25
2.3833147614979363e-25
7.460094566992355e-26
4.081324734078124e-25
7.700537506516273e-25
4.604331093322363e-25
3.817419084381563e-25
3.1552260048329303e-25
1.55904158420639e-25
6.335658472323607e-24
3.59954770154764e-24
4.6097318003326285e-24
4.8877722796662464e-24
4.404335811548461e-24
3.612808757762177e-25
1.479811145883344e-24
1.3224511845446238e-24
6.132638592118629e-25
2.9037622286681438e-25
2.6697135381944186e-25
2.804524910972605e-25
3.4008443694192277e-25
4.306348803885642e-25
8.250072604400499e-25
5.302859866263974e-25
4.5281182506887085e-25
6.518170305376231e-25
6.068417371733644e-24
4.753064447660271e-24
7.597103674884005e-24
3.5716663560012836e-24
4.126135861337264e-24
3.0892867871438186e-24
1.193369805879605e-24
3.344172536884157e-24
5.5936227175915176e-24
1.2896196143365809e-24
1.8433733654296997e-24
6.074860058925968e-25
8.590634187629441e-26
1.0183247653316991e-25
3.240341292024775e-25
8.162046940933544e-26
7.146117826568444e-26
2.3264454728053903e-25
2.201180919376595e-25
1.5312736803426104e-25
1.631489854276338e-26
6.04645827767843e-25
3.135754546384864e-25
2.0725158548809114e-25
8.338826444390031e-26
6.5167952132723655e-25
3.023021934198624e-24
2.128432646403297e-24
2.679720226947534e-24
2.537493692331753e-24
1.031687528567666e-24
1.80434061654997e-24
1.3484864706471508e-25
1.299192183214356e-25
2.3961336647578447e-25
8.69631692888673e-25
6.694509093937245e-25
2.181048302080233e-26
1.812889176041692e-25
7.728351660025836e-26
2.8011802620620757e-25
3.526618023453863e-25
9.451857286984119e-26
1.0985992510469899e-25
4.5123017023540176e-26
1.1672617042374267e-25
1.7879038140614576e-26
1.7698427831842722e-26
2.1099694802303698e-26
5.886324474481802e-26
5.895487822439356e-26
5.49990553228293e-26
4.4179085211334396e-26
8.882426596759566e-26
1.5614083751955502e-26
5.954978454230264e-25
1.933466896423876e-25
3.4626671428546324e-25
2.5664865145436697e-24
7.715099311057332e-25
2.576822831384438e-25
6.418146647152337e-25
4.498721581371606e-24
4.765590799781457e-24
7.291866168250192e-24
4.586834524616721e-24
4.323341267907107e-24
3.084878833557572e-25
3.3888646353863046e-25
1.0176193252491782e-25
1.8448911272689728e-25
2.85438890421204e-25
1.721684145472373e-25
2.1844178489617386e-25
2.246865737825322e-25
4.222176488106573e-25
1.2027319209369472e-25
5.203195138193416e-25
2.1632009845504215e-25
1.8573580647105229e-25
1.6071655916496798e-24
1.4475344529787084e-24
3.0690064323371085e-24
4194304.000000002
1.8799765640724967e-24
4.2889602933305255e-24
8.189113587772998e-25
1.1652238125097401e-24
4.456305480044239e-24
3.6295836608706975e-24
6.09497772184436e-24
2.1774956757175142e-24
1.8297219259486637e-24
3.0798813740356806e-25
3.195338535937286e-25
2.0562185815422836e-25
6.312619825240807e-25
4.313156918659116e-25
1.3830356887465726e-26
9.189238217232135e-25
1.0533183895705596e-25
1.3016618373097963e-24
1.9515106396307112e-25
1.1231982727593953e-24
2.4022317886191525e-24
2.65734863591171e-24
3.8778338229381924e-24
5.961928110488784e-24
2.877867201663298e-23
4194304.000000022
1.4648546880087426e-23
3.1800900471080556e-24
5.500034366041368e-24
1.3324320810059088e-24
1.1918525143992423e-24
3.318305627487124e-25
1.4462259527661945e-25
1.709638650845122e-24
5.940350868935222e-25
3.8547265178262647e-25
1.502498348277211e-24
1.8806041045626106e-25
3.323970057080475e-26
4.2988895979783485e-26
1.1876532250593013e-25
5.431240339267863e-25
7.829756053128887e-26
