0
10
20
29
37
44
49
51
53
52
49
45
40
34
27
21
14
8
3
-1
-3
-4
-3
-2
1
5
9
14
18
22
25
27
28
27
24
20
14
7
-1
-10
-20
-29
-38
-46
-53
-59
-62
-63
-63
-61
-56
-51
-43
-34
-25
-16
-7
2
10
16
21
24
26
27
25
22
19
15
10
6
2
-1
-4
-5
-4
-3
1
5
11
17
24
31
37
43
48
52
53
53
51
48
42
35
26
17
6
-4
-14
-24
-33
-40
-46
-50
-52
-52
-51
-47
-43
-37
-31
-25
-18
-12
-6
-2
1
2
3
2
-1
-4
-8
-13
-17
-22
-25
-28
-29
-30
-27
-24
-19
-12
-4
4
14
23
32
41
49
55
60
62
63
62
59
53
47
39
30
22
12
3
-5
-12
-18
-22
-25
-26
-25
-23
-20
-16
-12
-8
-3
0
3
4
5
3
1
-3
-8
-14
-21
-28
-34
-41
-47
-51
-54
-55
-54
-52
-46
-40
-32
-23
-13
-3
7
17
26
34
41
46
49
51
50
48
44
39
33
27
21
14
8
4
0
-2
-3
-2
0
3
7
11
16
20
24
27
29
30
29
27
22
16
10
1
-8
-18
-27
-37
-45
-52
-58
-62
-63
-63
-61
-57
-51
-44
-36
-27
-18
-9
-1
7
14
18
22
24
24
23
20
17
13
9
4
0
-3
-5
-6
-5
-4
0
5
10
17
24
31
37
43
49
52
55
55
53
50
44
37
29
19
9
-1
-11
-21
-30
-37
-44
-48
-50
-51
-49
-46
-42
-36
-30
-24
-18
-12
-7
-3
0
1
2
0
-2
-6
-10
-15
-19
-23
-27
-30
-31
-32
-30
-27
-22
-15
-7
2
12
22
30
39
47
54
59
62
63
62
59
54
48
40
32
23
14
5
-3
-10
-16
-20
-23
-24
-23
-21
-18
-14
-10
-6
-2
2
4
6
6
5
2
-2
-7
-13
-21
-28
-35
-41
-47
-52
-55
-56
-56
-53
-49
-43
-35
-26
-16
-6
5
14
24
32
39
44
47
49
49
47
43
38
32
27
21
14
9
4
1
-1
-2
-1
1
4
8
13
18
22
26
30
32
33
31
29
25
19
12
3
-6
-16
-25
-34
-43
-51
-56
-61
-63
-63
-61
-58
-52
-45
-38
-29
-20
-11
-3
5
11
16
19
21
22
21
18
14
10
6
2
-2
-5
-7
-7
-7
-5
-1
3
9
17
23
31
38
44
50
54
56
56
55
52
47
40
31
22
11
1
-9
-18
-27
-35
-41
-45
-48
-49
-48
-45
-41
-36
-30
-24
-18
-12
-7
-3
-1
1
1
-1
-4
-7
-12
-17
-21
-26
-29
-32
-34
-34
-32
-29
-24
-18
-10
-1
9
19
28
38
46
53
58
61
62
62
59
55
49
42
33
25
16
8
-1
-7
-13
-17
-20
-21
-21
-19
-16
-12
-7
-3
1
4
7
8
8
6
3
-1
-6
-13
-20
-27
-34
-42
-48
-53
-56
-58
-57
-55
-51
-45
-37
-29
-19
-8
2
12
21
29
37
42
45
47
47
45
42
37
32
26
20
14
9
4
1
0
-1
0
2
5
10
14
20
24
28
32
34
35
34
31
28
22
14
6
-4
-13
-23
-33
-41
-49
-55
-60
-62
-63
-61
-58
-53
-46
-38
-30
-22
-13
-5
3
9
14
17
19
19
18
16
12
8
4
0
-4
-7
-9
-9
-9
-6
-3
2
9
15
23
31
37
44
50
55
57
58
57
54
49
42
34
24
14
4
-6
-16
-25
-32
-38
-43
-46
-47
-46
-43
-39
-34
-29
-23
-17
-12
-7
-3
-1
0
0
-2
-5
-9
-13
-18
-23
-27
-32
-35
-36
-36
-35
-32
-27
-20
-12
-3
7
17
26
35
44
51
56
60
62
61
59
55
49
42
34
26
18
9
1
-6
-11
-15
-18
-19
-18
-16
-14
-9
-5
-1
2
6
8
10
10
8
5
1
-5
-12
-20
-27
-34
-41
-48
-53
-57
-59
-59
-57
-53
-47
-40
-31
-21
-11
-1
9
19
26
34
39
43
45
45
43
40
36
30
25
19
14
9
4
1
0
-1
1
3
7
11
16
21
26
30
34
36
37
36
34
30
24
17
9
-1
-11
-21
-30
-40
-47
-54
-59
-61
-62
-61
-58
-53
-47
-40
-31
-23
-15
-6
1
7
12
15
17
17
16
14
10
6
2
-2
-6
-9
-11
-11
-10
-8
-4
1
7
15
22
30
37
44
51
55
58
59
58
55
51
44
36
27
17
7
-3
-13
-22
-30
-36
-40
-43
-44
-44
-42
-38
-33
-28
-22
-17
-11
-7
-3
-1
0
0
-3
-5
-10
-14
-20
-24
-29
-33
-37
-39
-39
-37
-34
-29
-23
-15
-6
4
14
24
33
42
49
55
59
61
61
59
55
50
43
36
28
19
11
3
-3
-9
-13
-16
-16
-16
-14
-11
-8
-3
1
5
8
10
12
12
10
7
2
-4
-11
-18
-26
-34
-41
-48
-54
-57
-60
-60
-58
-55
-49
-42
-34
-24
-14
-4
6
16
24
31
37
40
43
43
41
38
34
29
24
18
13
8
4
1
0
0
1
3
7
12
17
23
27
32
36
38
40
39
36
33
27
20
11
2
-8
-18
-28
-37
-45
-52
-57
-60
-62
-61
-58
-53
-47
-40
-33
-25
-16
-8
-1
5
10
13
15
15
14
11
8
4
0
-4
-8
-11
-13
-13
-12
-10
-6
-1
6
13
21
29
37
44
50
55
59
60
59
57
52
46
38
29
20
10
0
-10
-19
-27
-33
-38
-41
-42
-42
-40
-36
-31
-26
-21
-16
-11
-6
-3
-1
0
-1
-3
-6
-11
-16
-21
-26
-31
-36
-39
-41
-41
-40
-37
-31
-26
-18
-8
2
12
21
31
40
48
54
58
60
61
59
55
50
43
36
28
21
12
5
-2
-7
-11
-13
-15
-14
-12
-9
-6
-1
3
7
10
13
14
14
12
9
4
-2
-10
-17
-26
-33
-41
-48
-54
-58
-61
-61
-60
-57
-51
-44
-36
-27
-16
-7
3
13
22
28
34
38
40
41
39
37
33
28
23
18
12
7
4
1
0
0
1
4
8
13
18
24
29
34
38
41
42
41
39
35
30
22
14
5
-6
-15
-26
-35
-44
-50
-56
-59
-61
-60
-58
-53
-47
-41
-33
-25
-17
-10
-3
3
8
11
13
13
11
9
6
2
-2
-7
-11
-13
-15
-16
-14
-12
-8
-2
5
12
20
29
36
44
50
56
59
61
60
59
54
49
41
32
22
13
2
-7
-16
-24
-31
-35
-38
-40
-39
-37
-35
-30
-25
-20
-15
-10
-6
-2
-1
0
-1
-3
-7
-11
-17
-22
-27
-33
-37
-41
-43
-44
-42
-39
-35
-28
-21
-12
-1
9
19
29
38
45
52
57
59
60
58
55
50
44
37
30
21
14
6
0
-5
-9
-11
-12
-12
-10
-7
-3
1
5
10
13
15
16
16
14
11
6
0
-8
-16
-24
-32
-40
-47
-53
-58
-61
-62
-61
-58
-53
-46
-38
-29
-19
-9
1
10
19
26
31
35
38
38
37
35
31
26
22
16
11
7
3
1
0
0
1
5
9
14
19
25
30
35
39
42
44
44
41
38
32
25
17
7
-3
-13
-23
-33
-41
-49
-54
-58
-59
-59
-57
-53
-48
-41
-34
-26
-19
-11
-4
1
6
9
11
11
9
7
3
-1
-5
-9
-13
-16
-18
-18
-17
-14
-10
-4
3
10
19
27
35
43
50
55
59
62
61
60
56
50
43
34
25
15
5
-5
-14
-22
-28
-33
-36
-38
-37
-36
-32
-28
-23
-19
-14
-9
-5
-2
0
0
-1
-3
-7
-12
-17
-23
-29
-34
-39
-43
-45
-45
-45
-42
-37
-30
-23
-14
-4
6
16
26
35
43
50
55
57
59
57
55
50
44
37
30
22
15
8
1
-3
-7
-9
-10
-9
-8
-4
-1
3
7
12
15
17
18
18
16
13
8
1
-6
-14
-23
-31
-39
-47
-53
-58
-61
-63
-62
-59
-54
-48
-40
-31
-21
-12
-2
8
16
23
29
33
35
36
35
32
29
25
20
15
10
6
3
0
-1
0
1
5
9
14
20
26
32
37
41
44
46
46
44
40
35
28
19
10
0
-10
-20
-30
-39
-46
-52
-56
-58
-58
-57
-53
-47
-41
-34
-27
-19
-12
-5
0
5
7
9
9
7
5
1
-3
-7
-11
-15
-18
-19
-20
-19
-16
-12
-6
1
9
17
26
34
42
50
55
59
62
62
61
57
52
45
36
27
18
7
-2
-11
-19
-26
-31
-33
-35
-35
-33
-31
-26
-21
-17
-12
-8
-4
-1
0
0
-1
-3
-7
-12
-18
-24
-29
-35
-40
-44
-47
-48
-47
-44
-40
-33
-25
-17
-7
3
13
24
33
41
48
53
56
57
56
54
50
44
37
30
23
16
9
3
-2
-6
-8
-8
-8
-5
-3
1
5
9
14
18
20
21
20
18
15
10
3
-4
-13
-21
-30
-38
-46
-53
-58
-61
-63
-63
-60
-56
-49
-42
-33
-24
-14
-4
5
14
21
26
30
33
33
32
30
27
23
18
14
9
5
1
-1
-2
-1
1
4
9
14
21
27
32
38
42
46
48
48
46
43
37
31
22
13
3
-7
-18
-28
-36
-44
-50
-54
-57
-57
-55
-52
-47
-41
-34
-27
-20
-13
-7
-1
3
5
7
7
6
3
-1
-5
-9
-13
-17
-20
-22
-22
-21
-18
-14
-8
-2
7
16
24
33
41
49
55
59
62
63
61
58
53
46
38
29
20
10
0
-8
-16
-23
-28
-31
-32
-33
-31
-28
-25
-20
-15
-11
-6
-3
0
1
1
0
-3
-7
-12
-18
-25
-30
-36
-42
-46
-49
-50
-49
-46
-42
-36
-28
-19
-10
1
11
21
30
39
46
51
54
56
56
53
49
44
37
31
23
16
10
4
-1
-4
-6
-7
-6
-4
0
3
8
12
16
19
22
23
23
21
17
12
6
-2
-10
-19
-28
-37
-45
-52
-58
-61
-63
-63
-61
-57
-51
-44
-35
-26
-16
-7
2
11
18
24
28
31
31
30
28
25
21
17
12
7
3
0
-2
-2
-1
1
4
9
15
21
28
33
39
44
47
50
50
48
45
40
33
25
15
6
-4
-15
-25
-34
-42
-48
-53
-55
-55
-54
-51
-46
-41
-34
-28
-20
-14
-8
-2
2
4
5
5
4
0
-3
-7
-11
-16
-19
-22
-25
-25
-24
-21
-16
-11
-4
5
14
23
31
40
48
54
59
62
63
62
59
54
48
40
31
22
12
3
-6
-14
-20
-26
-29
-30
-30
-29
-26
-22
-18
-14
-9
-5
-1
1
2
2
0
-2
-7
-12
-18
-25
-31
-37
-42
-47
-50
-52
-51
-49
-44
-38
-31
-22
-12
-2
8
18
28
36
44
49
52
54
54
52
48
43
37
31
24
17
10
5
0
-3
-5
-5
-4
-2
1
6
10
14
18
22
24
26
25
23
20
15
8
0
-9
-18
-27
-35
-44
-51
-57
-61
-63
-63
-61
-58
-52
-45
-37
-28
-19
-9
0
8
15
21
25
28
29
28
26
23
19
14
10
6
2
-1
-3
-4
-2
0
4
9
14
21
28
34
40
45
49
51
52
50
47
43
36
28
18
8
-2
-12
-22
-31
-39
-46
-51
-53
-54
-53
-50
-46
-40
-34
-28
-21
-14
-8
-3
1
3
4
4
2
-1
-5
-9
-13
-18
-21
-24
-26
-28
-26
-23
-19
-13
-6
2
11
21
30
39
46
54
58
62
63
62
60
55
49
41
33
24
15
5
-3
-11
-18
-23
-26
-28
-28
-26
-24
-20
-16
-12
-7
-3
0
2
3
3
1
-2
-7
-12
-18
-25
-31
-38
-44
-48
-51
-53
-53
-51
-47
-41
-34
-25
-15
-5
5
15
25
34
41
47
50
52
52
50
47
43
37
31
24
17
11
6
1
-2
-3
-4
-3
0
3
7
12
16
20
24
26
27
28
26
22
17
10
2
-6
-16
-25
-34
-43
-50
-56
-60
-63
-63
-62
-59
-54
-46
-39
-29
-21
-11
-2
6
13
19
23
25
27
26
23
21
17
13
8
4
0
-3
-4
-5
-3
-1
3
8
14
21
28
34
41
46
50
53
54
52
49
45
39
30
21
11
1
-9
-20
-29
-37
-43
-48
-51
-52
-52
-49
-45
-40
-34
-28
-21
-14
-9
-4
0
2
3
2
0
-3
-7
-11
-15
-20
-24
-27
-29
-29
-29
-26
-22
-16
-8
0
9
19
28
37
45
52
58
61
63
62
60
56
50
43
34
26
16
8
-1
-9
-15
-21
-24
-26
-26
-24
-21
-18
-14
-10
-5
-1
2
4
5
4
2
-1
-6
-12
-18
-25
-32
-38
-44
-49
-53
-55
-55
-53
-49
-44
-36
-28
-18
-8
3
13
22
31
38
44
48
51
51
49
46
41
36
30
24
17
11
6
2
-1
-2
-3
-1
1
5
9
14
18
22
26
29
30
30
28
25
19
13
5
-4
-14
-23
-32
-41
-49
-55
-60
-63
-63
-62
-59
-54
-48
-40
-31
-23
-14
-4
4
11
16
20
23
24
24
21
18
14
10
6
2
-2
-4
-6
-6
-4
-2
2
8
14
21
28
35
41
47
51
54
55
54
52
47
41
33
24
13
3
-7
-17
-26
-34
-41
-46
-49
-50
-50
-48
-44
-39
-33
-27
-21
-14
-9
-4
-1
1
2
1
-1
-4
-8
-13
-18
-22
-26
-29
-31
-32
-31
-28
-24
-18
-11
-2
7
17
26
35
44
51
57
61
63
63
60
57
51
44
36
27
18
9
1
-7
-13
-18
-21
-23
-23
-22
-19
-16
-11
-7
-3
0
4
6
7
6
4
0
-5
-11
-17
-24
-32
-39
-45
-50
-54
-56
-56
-55
-51
-46
-39
-30
-21
-10
-1
10
19
28
36
42
46
49
49
48
45
41
35
29
23
17
11
6
2
0
-1
-2
0
3
6
11
16
20
25
28
31
33
32
31
28
22
15
7
-1
-11
-21
-30
-39
-47
-54
-59
-62
-63
-62
-59
-55
-49
-41
-33
-24
-15
-7
2
9
14
18
21
22
21
19
16
12
8
4
0
-4
-6
-8
-7
-6
-3
1
6
13
20
27
34
41
47
52
55
57
56
54
50
43
35
26
16
6
-4
-14
-23
-31
-38
-43
-47
-48
-48
-46
-42
-38
-32
-27
-20
-14
-9
-4
-1
0
1
0
-2
-6
-10
-15
-20
-24
-28
-31
-33
-34
-33
-31
-27
-21
-14
-5
5
14
24
34
42
49
55
60
62
63
61
57
52
45
37
28
20
12
3
-4
-11
-15
-19
-21
-21
-20
-17
-13
-9
-5
-1
3
5
7
8
7
5
2
-4
-10
-17
-24
-32
-38
-45
-51
-55
-57
-58
-56
-53
-48
-41
-33
-23
-13
-3
7
17
25
33
40
44
46
47
46
43
39
34
29
23
17
11
6
2
0
-1
-1
1
4
8
13
17
22
26
31
33
35
34
33
30
25
18
10
1
-9
-19
-28
-37
-46
-53
-58
-61
-63
-62
-59
-55
-50
-42
-34
-26
-17
-8
-1
6
12
16
19
19
19
17
14
10
6
2
-2
-6
-8
-10
-9
-7
-5
0
5
12
19
27
34
41
48
53
56
58
58
56
51
46
38
29
19
9
-1
-11
-21
-29
-36
-41
-44
-46
-46
-44
-41
-37
-31
-26
-20
-14
-9
-5
-2
0
0
-1
-3
-7
-11
-16
-21
-26
-30
-34
-36
-37
-36
-33
-29
-24
-16
-8
2
12
22
31
40
48
54
59
61
62
61
57
52
46
38
30
22
13
5
-2
-9
-13
-16
-18
-19
-17
-15
-12
-7
-3
1
4
8
9
10
9
7
3
-2
-9
-16
-23
-31
-38
-45
-51
-56
-58
-59
-58
-55
-50
-43
-35
-26
-16
-6
4
14
23
30
37
41
44
45
44
42
38
33
27
22
16
11
6
2
0
0
0
2
5
9
14
19
23
28
32
35
37
37
35
32
28
21
13
4
-6
-16
-26
-35
-44
-51
-57
-60
-62
-62
-60
-55
-50
-43
-35
-27
-18
-10
-2
4
9
14
16
17
17
15
12
8
3
-1
-5
-8
-10
-12
-11
-9
-6
-2
4
11
19
26
34
41
48
53
57
59
59
57
53
48
40
32
22
11
2
-9
-18
-26
-33
-38
-42
-44
-44
-42
-39
-35
-30
-25
-19
-14
-9
-5
-2
0
0
-1
-4
-8
-12
-18
-23
-27
-32
-36
-38
-39
-38
-36
-31
-26
-19
-10
0
9
19
29
38
46
53
57
60
61
60
57
52
46
39
31
23
15
7
-1
-6
-11
-14
-16
-16
-15
-12
-9
-5
-1
3
7
10
12
12
11
8
4
-1
-8
-15
-23
-31
-38
-45
-51
-56
-59
-60
-59
-57
-52
-45
-37
-28
-18
-9
1
12
21
28
34
39
42
43
42
40
36
31
26
21
16
10
6
3
0
0
1
2
5
10
15
20
25
30
34
37
39
39
38
35
30
23
15
6
-4
-14
-23
-33
-42
-49
-55
-59
-61
-61
-59
-56
-50
-44
-36
-28
-20
-12
-5
2
8
11
14
15
14
12
9
6
1
-3
-7
-10
-12
-13
-13
-11
-8
-3
3
10
17
26
34
41
48
53
58
60
60
59
55
49
42
34
25
14
4
-6
-15
-24
-30
-36
-39
-42
-42
-41
-38
-34
-28
-24
-18
-13
-8
-4
-2
0
0
-2
-5
-8
-14
-18
-24
-29
-34
-38
-40
-41
-41
-38
-34
-28
-22
-13
-3
7
16
27
36
44
51
56
59
61
60
57
53
47
40
32
24
16
8
1
-5
-9
-12
-14
-14
-13
-10
-7
-3
1
5
9
12
14
14
13
10
6
1
-6
-13
-22
-30
-38
-45
-51
-56
-60
-61
-60
-58
-54
-48
-40
-31
-21
-11
-1
9
18
26
31
36
39
40
40
38
35
30
25
20
14
10
5
2
0
0
0
3
6
11
16
21
26
32
36
39
41
42
40
37
32
26
18
9
-1
-11
-21
-31
-39
-47
-53
-58
-60
-61
-59
-55
-50
-44
-37
-29
-21
-13
-6
0
6
9
12
12
12
10
7
3
-1
-5
-9
-12
-15
-16
-15
-13
-10
-5
1
8
16
25
33
41
47
53
58
60
61
60
56
51
44
36
27
17
7
-3
-12
-21
-28
-33
-37
-40
-40
-38
-36
-32
-27
-22
-17
-12
-7
-4
-1
0
0
-2
-5
-9
-14
-20
-25
-30
-35
-39
-42
-44
-43
-41
-37
-31
-24
-16
-6
4
14
24
34
42
49
55
58
60
59
57
53
47
40
33
25
17
10
3
-3
-7
-10
-12
-12
-11
-8
-4
-1
3
8
11
14
16
16
15
12
8
3
-4
-12
-21
-29
-37
-44
-51
-56
-60
-62
-61
-60
-55
-49
-42
-33
-23
-14
-4
6
15
23
29
34
37
38
38
36
32
28
23
19
13
9
5
2
0
0
0
3
7
12
17
23
28
33
38
42
43
44
43
40
35
29
21
12
2
-8
-18
-28
-37
-45
-52
-56
-59
-60
-58
-55
-51
-44
-37
-30
-22
-14
-7
-1
4
8
10
11
10
8
5
1
-3
-7
-11
-15
-17
-18
-18
-15
-12
-7
0
6
15
24
31
40
47
53
58
61
62
61
58
53
46
38
29
19
9
0
-10
-18
-26
-31
-34
-37
-38
-36
-34
-30
-26
-21
-16
-11
-7
-3
-1
0
0
-2
-5
-10
-15
-20
-26
-32
-37
-41
-44
-46
-45
-43
-40
-34
-27
-19
-9
1
11
22
31
40
47
53
56
58
58
56
52
47
40
33
26
18
11
4
-2
-6
-8
-10
-10
-9
-6
-3
1
5
10
13
16
18
19
17
15
10
4
-3
-10
-19
-28
-35
-44
-51
-56
-60
-62
-62
-61
-57
-51
-44
-35
-26
-16
-6
3
12
20
27
31
34
36
35
34
31
26
21
17
12
7
4
1
-1
-1
0
3
7
12
17
23
29
35
39
43
46
46
45
42
38
31
24
15
5
-5
-15
-26
-35
-43
-50
-55
-57
-58
-57
-55
-50
-44
-37
-30
-23
-15
-9
-2
3
6
8
9
8
6
3
-1
-5
-9
-13
-17
-19
-20
-20
-18
-14
-9
-3
5
13
22
30
39
46
53
58
61
62
62
59
54
48
40
31
22
12
2
-7
-15
-22
-29
-32
-34
-35
-34
-32
-28
-24
-19
-15
-10
-5
-2
0
1
0
-2
-5
-10
-15
-21
-27
-33
-38
-43
-46
-47
-48
-45
-42
-36
-29
-21
-12
-1
9
19
29
38
45
51
55
57
57
55
52
47
40
33
26
19
12
5
0
-4
-7
-8
-8
-7
-4
0
4
8
12
16
19
21
21
20
17
13
6
0
-9
-17
-26
-35
-43
-50
-56
-60
-63
-63
-62
-58
-53
-45
-38
-28
-19
-9
1
10
18
24
29
32
33
33
31
28
25
20
15
11
6
3
0
-2
-1
0
3
7
12
18
24
30
36
41
45
48
48
47
45
40
34
26
17
8
-3
-13
-23
-32
-41
-47
-53
-56
-57
-56
-54
-49
-44
-37
-31
-23
-16
-9
-4
1
5
6
7
6
4
1
-3
-8
-12
-15
-19
-22
-22
-22
-20
-16
-11
-5
3
11
20
29
38
46
52
57
61
63
62
60
56
49
42
33
24
14
5
-5
-13
-20
-26
-30
-32
-33
-32
-30
-26
-22
-18
-13
-8
-4
-1
1
1
1
-2
-5
-10
-16
-22
-28
-34
-39
-44
-48
-49
-50
-48
-44
-39
-32
-24
-14
-4
6
16
26
35
43
49
53
55
56
54
51
46
40
33
27
19
12
6
1
-3
-5
-7
-6
-5
-2
2
6
10
14
18
21
23
23
22
19
15
9
1
-6
-15
-25
-33
-42
-49
-55