0
8
17
25
33
40
46
51
55
58
59
59
58
56
52
48
43
37
30
23
16
9
2
-5
-11
-17
-22
-26
-30
-32
-33
-34
-34
-33
-31
-29
-26
-23
-19
-16
-12
-9
-6
-3
-1
0
1
2
2
1
0
-1
-3
-5
-8
-9
-11
-13
-15
-16
-16
-16
-15
-13
-10
-8
-4
1
5
10
16
21
26
31
36
40
44
47
48
49
48
47
44
41
36
31
24
17
9
1
-7
-16
-24
-32
-39
-46
-52
-57
-60
-63
-63
-63
-62
-59
-55
-50
-43
-37
-29
-20
-12
-4
5
13
21
27
33
39
43
46
49
49
49
48
46
43
39
34
30
24
19
14
8
3
-1
-5
-9
-12
-14
-16
-17
-16
-16
-15
-13
-11
-9
-8
-5
-3
-1
0
1
2
2
1
0
-2
-4
-7
-10
-14
-17
-20
-24
-26
-29
-31
-33
-33
-33
-32
-31
-28
-24
-20
-15
-9
-2
5
12
19
26
33
39
45
50
54
57
59
59
59
57
53
49
44
37
30
22
13
4
-4
-13
-21
-30
-37
-44
-50
-54
-57
-59
-60
-60
-58
-55
-51
-47
-41
-35
-28
-21
-13
-6
1
8
14
19
24
28
31
33
34
34
33
32
30
27
24
22
18
14
11
8
4
2
0
-1
-2
-3
-2
-2
0
1
3
5
7
9
11
13
14
15
15
15
14
11
9
5
1
-3
-8
-13
-18
-23
-29
-33
-38
-42
-45
-47
-49
-49
-48
-46
-43
-39
-34
-28
-22
-14
-6
2
11
19
27
35
42
48
53
58
61
63
63
62
60
57
52
47
40
33
25
16
8
-1
-9
-17
-24
-31
-36
-41
-45
-48
-50
-50
-50
-48
-45
-42
-38
-33
-28
-23
-17
-12
-6
-1
3
7
10
13
15
16
17
16
16
14
12
10
9
6
4
2
1
-1
-2
-2
-2
-1
0
2
5
8
11
14
17
21
23
26
29
30
32
32
32
30
29
25
22
17
11
5
-2
-8
-16
-23
-30
-36
-42
-47
-52
-56
-58
-59
-59
-58
-56
-52
-47
-41
-34
-27
-19
-10
-1
7
16
25
32
39
46
51
55
58
60
60
59
57
53
49
44
38
31
25
17
10
3
-4
-11
-17
-22
-27
-30
-33
-34
-35
-35
-34
-32
-30
-27
-24
-21
-17
-13
-10
-7
-4
-2
0
1
2
2
2
1
0
-2
-4
-6
-8
-10
-12
-14
-15
-15
-15
-14
-12
-10
-8
-4
0
5
9
15
20
25
30
34
39
42
45
47
48
48
47
44
41
36
31
25
18
10
2
-7
-15
-23
-31
-39
-45
-51
-56
-60
-62
-63
-63
-62
-59
-56
-51
-44
-37
-30
-22
-14
-5
4
12
20
26
33
38
43
46
49
50
50
49
47
44
40
35
31
26
20
15
9
4
-1
-6
-10
-12
-15
-17
-17
-18
-17
-17
-15
-13
-11
-9
-6
-4
-2
-1
0
1
1
1
0
-1
-3
-6
-9
-12
-16
-19
-22
-25
-27
-29
-31
-32
-32
-32
-30
-28
-24
-20
-15
-9
-3
4
11
18
25
32
38
44
49
53
56
58
59
58
56
54
50
44
38
31
23
14
5
-3
-12
-21
-28
-36
-43
-49
-54
-57
-59
-61
-61
-59
-56
-52
-48
-42
-36
-29
-22
-15
-7
0
7
13
19
24
28
31
34
34
35
35
33
32
29
26
23
19
15
12
8
5
2
0
-1
-3
-3
-3
-3
-2
0
2
3
6
7
9
11
13
14
14
14
13
11
8
6
2
-3
-7
-12
-17
-22
-28
-32
-36
-40
-44
-46
-47
-48
-47
-46
-43
-39
-34
-28
-22
-15
-7
1
10
18
26
34
41
48
53
57
61
62
63
63
60
57
53
48
41
33
26
17
9
1
-8
-16
-23
-30
-36
-42
-45
-48
-50
-51
-51
-49
-47
-44
-39
-34
-29
-24
-18
-13
-7
-2
3
7
10
13
16
17
18
18
17
16
14
12
10
8
6
4
2
0
-1
-1
-2
-1
0
2
4
7
10
13
16
19
22
25
27
29
30
31
31
30
28
25
22
17
12
6
-1
-8
-14
-22
-29
-35
-41
-46
-51
-55
-57
-59
-59
-58
-56
-52
-48
-42
-35
-28
-19
-11
-2
6
15
23
32
39
46
51
55
58
60
61
60
58
54
50
45
39
32
26
18
11
3
-4
-10
-17
-22
-27
-30
-33
-35
-36
-36
-35
-34
-32
-29
-26
-22
-18
-15
-11
-8
-4
-2
0
1
3
3
3
2
1
0
-2
-4
-6
-8
-10
-12
-13
-14
-14
-13
-12
-10
-8
-4
-1
4
8
14
18
24
29
33
38
41
44
46
47
47
46
44
40
37
31
26
19
11
3
-5
-14
-22
-30
-37
-44
-50
-55
-59
-62
-63
-63
-62
-60
-56
-51
-45
-38
-31
-22
-15
-6
3
11
19
26
33
39
43
47
50
51
51
50
48
45
42
37
32
27
21
15
10
4
-1
-5
-9
-12
-15
-17
-19
-19
-18
-18
-16
-14
-12
-11
-8
-6
-4
-2
-1
1
1
1
0
-1
-3
-5
-8
-11
-14
-17
-21
-23
-26
-28
-30
-31
-31
-30
-30
-27
-24
-20
-15
-10
-3
3
10
17
24
30
37
43
47
52
55
57
58
58
56
54
50
44
38
31
23
15
6
-2
-11
-19
-28
-35
-42
-49
-53
-57
-60
-61
-61
-60
-57
-53
-49
-43
-37
-30
-23
-15
-8
-1
7
13
19
24
28
31
34
35
36
36
34
33
30
27
24
21
17
13
9
6
3
0
-1
-3
-4
-4
-3
-3
-2
0
2
4
6
7
10
11
12
13
12
12
11
8
5
2
-2
-6
-11
-16
-21
-26
-31
-35
-39
-43
-45
-47
-47
-47
-45
-42
-39
-34
-29
-23
-16
-8
1
9
17
25
33
40
47
52
57
60
62
63
63
61
58
54
48
42
35
27
18
10
1
-7
-16
-23
-30
-36
-41
-46
-49
-51
-52
-52
-50
-48
-45
-41
-36
-31
-25
-20
-14
-8
-3
2
7
11
13
16
18
19
19
18
17
15
14
12
10
7
5
3
1
0
-1
-1
-1
0
1
3
6
9
12
14
18
21
23
26
28
29
30
30
29
28
25
21
17
12
6
0
-6
-14
-20
-27
-33
-40
-45
-50
-54
-57
-58
-59
-58
-55
-53
-48
-42
-36
-28
-20
-12
-3
5
14
23
31
38
45
50
55
58
60
61
60
58
55
51
46
40
34
27
19
12
4
-3
-10
-16
-22
-27
-31
-34
-36
-37
-37
-37
-35
-33
-30
-27
-24
-20
-16
-12
-8
-5
-3
0
2
3
4
4
3
2
1
-1
-3
-5
-7
-9
-10
-12
-13
-13
-12
-11
-10
-7
-5
-1
3
7
13
17
22
27
32
36
39
42
45
46
46
45
43
40
36
31
26
19
11
3
-5
-13
-21
-29
-36
-43
-50
-55
-59
-62
-63
-63
-63
-60
-56
-52
-46
-39
-32
-23
-15
-7
2
11
19
26
33
38
43
47
50
52
52
51
49
47
43
39
33
28
23
17
11
5
0
-5
-9
-13
-16
-18
-19
-20
-20
-19
-17
-16
-14
-12
-10
-7
-5
-3
-1
-1
0
0
0
-1
-2
-4
-7
-10
-13
-16
-19
-22
-24
-26
-28
-29
-30
-29
-29
-27
-23
-20
-15
-10
-4
2
9
16
23
29
35
41
46
51
54
57
58
58
56
54
50
45
39
32
24
16
7
-1
-10
-19
-27
-35
-42
-48
-53
-57
-60
-61
-61
-60
-58
-54
-50
-44
-38
-31
-24
-17
-9
-2
6
12
19
24
29
32
35
37
37
37
36
34
32
29
26
22
18
14
10
7
4
1
-2
-3
-4
-5
-5
-4
-3
-1
0
3
5
6
9
10
11
12
12
11
10
8
6
2
-1
-6
-10
-15
-20
-25
-30
-34
-38
-41
-44
-45
-46
-46
-45
-42
-39
-34
-29
-23
-16
-8
-1
8
16
24
31
39
45
51
56
60
62
63
63
61
58
54
49
42
36
28
19
11
2
-6
-14
-22
-29
-36
-41
-46
-49
-51
-52
-53
-51
-49
-46
-42
-37
-32
-27
-21
-15
-9
-3
2
6
10
14
17
18
20
20
20
18
17
15
13
11
9
6
4
2
1
0
-1
-1
0
1
3
5
7
10
13
16
19
22
24
26
28
28
29
28
27
25
21
17
12
7
1
-6
-13
-19
-26
-32
-38
-44
-49
-52
-56
-57
-58
-57
-55
-52
-48
-43
-36
-29
-21
-13
-4
4
13
22
30
38
44
50
54
58
60
61
61
59
56
52
47
41
35
28
21
13
5
-2
-10
-16
-22
-27
-31
-34
-37
-38
-38
-38
-36
-35
-31
-28
-25
-22
-17
-14
-9
-6
-3
0
2
3
4
5
5
4
2
1
-1
-3
-5
-7
-9
-10
-11
-12
-12
-11
-10
-7
-5
-1
3
7
12
16
21
26
30
34
38
41
44
45
45
45
43
40
36
31
26
19
12
5
-4
-12
-20
-28
-36
-43
-49
-54
-58
-61
-63
-63
-63
-61
-57
-53
-47
-40
-33
-25
-16
-8
1
9
18
25
32
38
43
47
50
52
53
52
50
48
44
40
34
29
24
18
12
6
0
-4
-9
-13
-16
-18
-20
-21
-21
-20
-19
-18
-15
-14
-11
-9
-7
-5
-3
-1
0
0
0
0
-2
-4
-6
-9
-12
-15
-17
-20
-23
-25
-27
-28
-29
-29
-28
-26
-23
-20
-16
-10
-4
2
8
15
22
29
34
40
45
50
53
56
57
57
56
53
50
45
39
33
25
17
8
0
-9
-18
-26
-34
-41
-47
-53
-57
-60
-61
-62
-61
-58
-55
-51
-45
-39
-33
-26
-18
-10
-2
5
12
18
24
29
32
35
37
38
38
37
36
33
30
27
23
20
15
11
7
4
1
-1
-3
-5
-5
-5
-5
-4
-3
-1
1
3
4
7
8
10
11
11
10
10
8
6
3
-1
-5
-9
-14
-18
-24
-28
-32
-36
-40
-42
-44
-45
-45
-44
-42
-38
-35
-29
-23
-17
-9
-1
7
15
23
31
38
44
50
55
59
61
63
62
61
58
55
49
43
36
29
21
12
4
-5
-14
-21
-29
-35
-41
-46
-49
-52
-53
-53
-52
-50
-47
-43
-38
-33
-28
-22
-16
-10
-4
1
6
11
14
17
19
21
21
21
20
19
17
15
13
10
8
5
4
2
1
0
0
0
0
2
4
6
9
12
15
18
20
22
25
27
27
28
28
26
24
21
17
13
7
2
-5
-11
-18
-25
-31
-37
-42
-47
-51
-55
-57
-57
-57
-55
-53
-48
-43
-37
-30
-22
-13
-5
4
12
21
29
37
44
49
54
58
60
61
61
60
57
53
48
43
36
29
22
14
6
-1
-9
-16
-21
-27
-31
-34
-37
-39
-40
-39
-38
-36
-33
-30
-27
-23
-19
-15
-10
-7
-4
-1
2
3
5
5
5
4
3
2
0
-1
-3
-5
-7
-9
-10
-11
-11
-10
-9
-7
-5
-2
2
6
10
15
20
25
29
33
37
40
42
44
45
44
42
40
36
32
27
20
13
5
-3
-11
-19
-27
-34
-41
-48
-53
-57
-61
-62
-63
-63
-61
-58
-53
-47
-41
-34
-25
-17
-9
0
9
17
24
32
38
43
47
50
52
53
53
51
49
45
41
36
31
25
19
13
7
1
-4
-9
-13
-16
-19
-21
-22
-22
-21
-20
-19
-17
-15
-13
-10
-8
-6
-4
-2
-1
0
0
0
-1
-3
-5
-8
-10
-13
-16
-19
-21
-23
-26
-27
-27
-27
-27
-25
-23
-20
-15
-11
-5
1
7
14
20
27
33
39
44
49
52
55
56
57
56
53
50
46
40
33
26
18
9
1
-7
-16
-25
-33
-41
-47
-52
-57
-60
-61
-62
-62
-59
-56
-52
-47
-40
-33
-26
-19
-11
-3
4
12
18
24
29
32
36
38
39
39
39
37
35
32
28
25
21
17
12
8
5
2
-1
-3
-5
-6
-6
-6
-6
-4
-3
-1
1
3
5
7
8
9
10
10
9
8
5
3
-1
-4
-9
-13
-17
-22
-27
-31
-35
-38
-41
-43
-44
-44
-43
-42
-38
-34
-30
-24
-17
-10
-2
6
14
22
29
37
44
50
55
58
61
62
62
62
59
55
50
44
38
30
21
13
4
-4
-13
-21
-28
-35
-41
-46
-50
-52
-54
-54
-53
-51
-48
-44
-40
-34
-29
-23
-17
-11
-5
1
6
10
14
17
20
21
22
22
21
20
18
17
15
12
9
7
5
3
1
0
0
0
0
2
3
5
8
10
13
16
19
21
23
25
26
26
27
25
23
21
17
13
8
2
-4
-11
-17
-24
-30
-36
-41
-46
-50
-54
-56
-57
-57
-55
-52
-49
-44
-37
-31
-23
-15
-6
3
11
20
28
36
43
49
54
58
60
62
62
60
58
54
49
44
37
30
23
15
7
-1
-8
-15
-21
-27
-32
-35
-38
-40
-40
-40
-39
-37
-34
-32
-28
-24
-20
-16
-11
-7
-4
-1
1
3
5
6
6
6
5
4
2
0
-2
-4
-6
-8
-9
-10
-10
-10
-9
-7
-5
-2
1
5
10
14
19
23
28
32
35
38
41
43
43
43
42
39
36
31
27
20
13
6
-2
-10
-18
-26
-33
-40
-47
-52
-57
-60
-62
-63
-62
-61
-58
-54
-48
-42
-35
-27
-18
-10
-1
7
16
24
31
37
43
48
51
53
54
54
52
50
46
42
37
32
26
20
14
8
2
-4
-9
-13
-16
-20
-22
-23
-23
-23
-22
-21
-19
-16
-14
-12
-9
-7
-5
-3
-1
-1
0
0
-1
-2
-4
-6
-9
-12
-14
-17
-19
-22
-24
-25
-26
-26
-26
-25
-23
-19
-16
-11
-5
0
6
13
20
26
32
37
43
48
51
54
55
56
55
53
50
46
40
34
27
19
11
2
-7
-16
-24
-32
-40
-46
-52
-56
-60
-62
-63
-62
-60
-57
-53
-48
-41
-35
-27
-20
-12
-4
4
11
18
24
29
33
36
39
40
41
40
38
36
33
30
26
22
18
14
9
6
2
-1
-3
-5
-6
-7
-7
-6
-5
-4
-2
0
1
4
5
7
8
9
9
8
7
5
3
0
-3
-8
-12
-16
-21
-25
-30
-33
-37
-40
-42
-43
-43
-43
-41
-38
-34
-30
-24
-18
-11
-3
5
13
21
29
36
43
49
54
58
60
62
62
61
59
56
51
45
38
31
23
14
6
-3
-12
-20
-27
-35
-41
-46
-50
-53
-55
-55
-54
-52
-50
-46
-41
-36
-31
-25
-18
-12
-6
0
6
10
15
18
20
22
23
24
23
22
20
18
16
13
11
8
6
4
2
1
0
0
0
1
2
4
7
9
12
15
17
19
22
23
25
26
26
25
23
20
17
13
8
3
-3
-10
-16
-23
-29
-35
-40
-45
-49
-53
-55
-56
-56
-55
-52
-49
-44
-38
-31
-23
-15
-7
2
10
19
27
35
42
48
53
57
60
62
62
61
58
55
50
44
38
31
24
16
8
0
-7
-15
-21
-27
-31
-35
-38
-40
-41
-41
-41
-39
-36
-33
-29
-25
-21
-17
-12
-8
-4
-1
2
4
6
7
7
7
6
5
3
2
0
-2
-4
-6
-7
-8
-9
-9
-8
-7
-5
-2
1
5
9
13
17
22
26
30
34
37
40
41
42
42
41
39
35
31
27
21
14
7
-1
-9
-17
-24
-32
-39
-46
-51
-56
-59
-62
-63
-62
-61
-58
-54
-49
-42
-35
-27
-19
-11
-2
7
15
23
30
37
43
47
51
53
55
54
53
51
48
44
38
33
27
22
15
9
3
-3
-8
-13
-17
-20
-22
-24
-25
-24
-24
-22
-20
-18
-16
-13
-11
-8
-6
-4
-2
-1
0
0
-1
-2
-4
-5
-8
-11
-13
-16
-18
-20
-22
-24
-25
-25
-25
-24
-22
-19
-15
-11
-6
-1
5
12
18
25
31
36
41
46
50
53
55
55
55
53
50
46
41
34
27
19
11
3
-6
-14
-23
-31
-39
-46
-52
-56
-60
-62
-63
-62
-60
-58
-54
-48
-43
-36
-28
-21
-13
-5
2
10
17
23
29
33
36
39
41
41
41
40
38
35
31
28
24
19
15
10
6
3
0
-3
-5
-7
-8
-8
-8
-7
-5
-4
-2
0
2
4
5
7
8
8
8
7
5
3
0
-3
-7
-11
-15
-20
-24
-29
-32
-35
-38
-41
-42
-42
-42
-40
-38
-34
-30
-25
-18
-11
-4
4
12
20
27
35
41
48
53
57
60
62
62
61
60
56
51
46
39
32
23
15
7
-2
-11
-19
-27
-34
-40
-46
-50
-53
-55
-55
-55
-53
-51
-47
-42
-37
-32
-25
-19
-13
-7
-1
5
10
14
18
21
23
24
25
24
23
21
20
17
15
12
10
7
4
3
1
0
0
0
0
2
3
5
8
10
13
16
18
20
22
23
24
25
24
22
20
17
13
8
3
-2
-9
-15
-21
-28
-33
-39
-44
-48
-52
-54
-55
-55
-54
-52
-48
-44
-38
-32
-24
-16
-8
1
9
18
26
34
42
48
53
58
60
62
63
61
59
56
51
46
39
32
24
17
9
1
-7
-14
-21
-27
-31
-35
-39
-41
-42
-42
-42
-40
-37
-34
-31
-27
-23
-18
-13
-9
-5
-2
1
4
6
7
8
8
7
6
5
3
2
0
-2
-4
-6
-7
-8
-8
-8
-6
-4
-2
0
4
8
12
16
21
25
29
33
36
38
40
41
41
40
39
35
32
27
21
15
7
0
-8
-16
-24
-31
-38
-45
-50
-55
-59
-61
-63
-62
-61
-59
-54
-50
-43
-36
-29
-20
-11
-3
6
14
22
30
36
43
47
51
54
55
56
54
52
49
45
40
34
29
22
16
10
3
-3
-8
-13
-17
-20
-23
-25
-26
-25
-25
-23
-22
-20
-18
-15
-12
-9
-7
-5
-3
-1
0
0
-1
-1
-3
-4
-6
-9
-11
-14
-17
-19
-21
-22
-24
-24
-24
-23
-21
-19
-16
-11
-7
-1
5
11
17
23
30
35
40
45
49
52
54
55
54
53
50
46
41
35
28
20
13
4
-5
-14
-22
-30
-38
-45
-51
-56
-59
-62
-63
-63
-61
-58
-54
-49
-44
-37
-29
-22
-14
-6
2
9
17
23
29
33
37
40
41
43
42
41
39
36
33
29
25
20
16
11
7
3
0
-3
-5
-7
-8
-9
-9
-8
-7
-6
-3
-1
0
2
4
5
6
7
7
6
5
3
1
-2
-6
-10
-14
-18
-23
-27
-30
-34
-37
-39
-41
-41
-41
-40
-37
-34
-30
-25
-19
-12
-5
3
11
19
26
33
41
47
52
56
59
61
62
61
59
56
52
46
40
32
24
16
7
-2
-10
-18
-26
-33
-40
-45
-50
-53
-55
-56
-56
-55
-52
-48
-43
-38
-33
-27
-20
-14
-8
-1
5
10
15
18
21
24
25
25
25
24
23
21
18
16
14
11
8
6
4
2
1
0
0
0
1
2
4
7
9
12
14
16
19
20
22
23
23
23
21
20
16
13
9
4
-2
-8
-14
-20
-26
-32
-37
-43
-47
-51
-53
-55
-55
-54
-52
-49
-44
-38
-32
-25
-17
-9
0
9
17
25
34
41
47
53
57
60
62
63
62
60
57
52
47
40
33
26
18
10
2
-6
-13
-20
-27
-31
-36
-39
-41
-43
-43
-43
-41
-39
-36
-32
-29
-24
-19
-15
-10
-6
-2
1
4
6
8
9
9
8
8
6
5
3
1
-1
-3
-4
-6
-7
-7
-7
-6
-5
-3
0
3
7
11
15
20
24
28
31
34
37
39
40
40
40
38
35
31
27
21
15
8
1
-7
-15
-23
-30
-37
-44
-49
-54
-58
-61
-62
-62
-61
-59
-55
-50
-44
-37
-29
-21
-12
-4
5
13
21
29
36
42
47
51
54
56
56
55
53
50
46
41
36
30
24
17
10
4
-2
-7
-13
-17
-20
-23
-26
-27
-27
-26
-25
-23
-21
-19
-16
-14
-11
-8
-5
-4
-2
-1
0
0
-1
-2
-3
-5
-8
-10
-13
-15
-17
-19
-21
-22
-23
-23
-23
-21
-18
-15
-11
-7
-2
4
10
16
22
28
33
39
44
48
51
53
54
54
52
50
46
41
35
28
21
13
5
-4
-13
-21
-29
-37
-44
-50
-55
-59
-62
-63
-63
-61
-59
-55
-50
-44
-38
-31
-23
-15
-7
1
9
16
23
29
33
37
40
42
43
43
42
40
38
34
30
26
22
17
12
8
4
0
-3
-5
-8
-9
-10
-10
-9
-8
-7
-5
-3
-1
1
2
4
5
6
6
6
5
3
1
-2
-5
-9
-13
-17
-22
-25
-29
-32
-36
-38
-39
-40
-40
-39
-37
-33
-30
-25
-19
-13
-5
2
10
18
25
33
39
45
51
55
59
61
62
61
60
57
53
47
41
33
25
17
8
0
-9
-17
-25
-33
-40
-45
-50
-53
-56
-57
-57
-55
-53
-49
-45
-39
-34
-28
-22
-15
-8
-2
4
9
14
18
22
25
26
27
27
26
24
23
20
18
15
13
10
7
5
3
1
0
0
0
0
2
3
5
8
10
13
15
17
19
21
22
23
22
21
19
16
13
9
4
-1
-7
-13
-19
-25
-31
-36
-41
-46
-50
-52
-54
-54
-53
-51
-48
-44
-39
-33
-26
-18
-10
-1
8
16
24
32
40
46
52
57
60
62
63
62
60
57
53
48
42
34
27
20
11
3
-5
-13
-20
-26
-31
-36
-39
-42
-44
-44
-44
-42
-40
-37
-33
-30
-25
-21
-16
-11
-7
-3
1
4
6
8
9
10
10
9
8
6
5
2
1
-1
-3
-4
-5
-6
-6
-6
-4
-3
0
3
6
10
14
18
22
26
30
33
36
38
39
39
39
37
35
31